46.0 0.4582312440872192 0.5515561722197518 0.8385375213623046 0.7297406375236402
24.0 0.8183000338077545 0.900850151732607 0.023399994373321534 0.03115273896143141
26.0 0.7238437026739121 0.8861239169447841 0.01731249690055847 0.0317867317529508
30.0 0.6782875061035156 0.8832420808094036 0.01842498779296875 0.03178674824299661
31.0 0.6323312592506408 0.8729971588860328 0.020337491035461425 0.029221892013329937
33.0 0.5211812627315521 0.8559942272966808 0.020137488842010498 0.028645529183599378
32.0 0.588387508392334 0.8674495914140421 0.020724983215332032 0.028789616455605807
36.0 0.39293746948242186 0.8359797818516448 0.019124984741210938 0.028328538284521625
34.0 0.4784625041484833 0.8501585292541328 0.020574986934661865 0.028789624700628715
37.0 0.3291500210762024 0.827651250602876 0.01919996738433838 0.027694523506274483
28.0 0.24320000410079956 0.8126945523088879 0.023599982261657715 0.028789624700628715
29.0 0.20304373860359193 0.8066570779432137 0.023912489414215088 0.029337168426953407
35.0 0.43479377031326294 0.8417434706124517 0.01791250705718994 0.028328538284521625
27.0 0.2851687717437744 0.8208934127082055 0.024662494659423828 0.02968300866118769
3.0 0.7291000008583068 0.7778386341391792 0.024300007820129393 0.029337168426953407
1.0 0.3724125003814697 0.7193371720547634 0.022675037384033203 0.03106626790950896
53.0 0.3518562459945679 0.6169020270751602 0.016287565231323242 0.03997117298137214
0.0 0.30814380407333375 0.6119740717005661 0.021212458610534668 0.03253600095809365
0.0 0.2658875036239624 0.6086455257206898 0.020725011825561523 0.03342941515040329
19.0 0.14983126521110535 0.5921325752302274 0.02033752202987671 0.026109516792407295
6.0 0.59051873087883 0.7542795447863488 0.02646249532699585 0.030345826052794882
0.0 0.34036253333091737 0.5166714665525585 0.02177494764328003 0.032939432677343186
68.0 0.10479375958442688 0.3895677407124544 0.02041250467300415 0.02778101104824275
0.0 0.28509997844696044 0.7091210417513889 0.02480006217956543 0.02844378446639443
71.0 0.7771437406539917 0.3476945178996589 0.015712499618530273 0.030835748062353657
10.0 0.4143062460422516 0.7294091999702563 0.023887455463409424 0.028213261870898156
22.0 0.10923751950263977 0.5893371785408482 0.02152496576309204 0.025936604920313064
55.0 0.06718748569488525 0.5834293818954776 0.025624990463256836 0.026224793206030765
8.0 0.5021687424182892 0.741527404840123 0.025662481784820557 0.032795383882110334
62.0 0.11266249895095826 0.7916858519188609 0.02467501163482666 0.02469739446722465
54.0 0.0732937753200531 0.7867146486507712 0.025912463665008545 0.028876095752551165
0.0 0.8237187719345093 0.7894524662226696 0.02756251335144043 0.02916427029656402
2.0 0.7774499773979187 0.7811095048096407 0.020099997520446777 0.028559088363427593
74.0 0.7304187315702438 0.45678672460726427 0.019162505865097046 0.03167146358435023
0.0 0.21398749947547913 0.6011815524582217 0.024524986743927002 0.03106626790950896
17.0 0.8392062306404113 0.3579826877165253 0.034087510108947755 0.03331410850502916
57.0 0.15238752961158752 0.7980835568320854 0.02522498369216919 0.034956767167412924
66.0 0.8158250057697296 0.6769164192573481 0.030849993228912354 0.029452442092235905
7.0 0.5470999932289123 0.7472766538174764 0.023300023078918458 0.027060508728027344
17.0 0.20167499542236328 0.2957060412646027 0.029150009155273438 0.031066298141259625
50.0 0.2559812593460083 0.3036167298682485 0.015537500381469727 0.03253597072634298
0.0 0.3168937659263611 0.4113400497766324 0.021212458610534668 0.03034579856938519
38.0 0.31108123540878296 0.3068011322351285 0.022837519645690918 0.03193080528325237
58.0 0.7570999872684478 0.6730403460411929 0.0183000111579895 0.03144094373719493
60.0 0.06078124284744263 0.2855475491680398 0.018437504768371582 0.028328538284521625
48.0 0.14511874079704284 0.29472621648387193 0.01976245641708374 0.02726226993527811
59.0 0.6171687471866608 0.653386161375458 0.01566249132156372 0.030403464259606616
65.0 0.5709125083684922 0.6475792494562242 0.01567503809928894 0.03048992156982422
70.0 0.7095499670505524 0.6653890568516097 0.01840001344680786 0.02945247232398657
20.0 0.10381248593330383 0.29030261465726737 0.017375051975250244 0.030345856284545548
12.0 0.7163687419891357 0.34492797329377717 0.027262477874755858 0.03060519798344769
52.0 0.39513126969337464 0.6236167118940985 0.017237484455108643 0.03230550859434804
12.0 0.3667937684059143 0.3133573628296426 0.023912549018859863 0.03034579856938519
39.0 0.5614624965190887 0.5467867493972998 0.017075002193450928 0.030345826052794882
40.0 0.5158499950170516 0.5376513052398946 0.018300026655197144 0.0313256370918208
67.0 0.480987503528595 0.6385158585540156 0.01802504062652588 0.0313256370918208
64.0 0.5391331386566162 0.30669453095977517 0.27673376083374024 0.10707205516804193
0.0 0.4051874780654907 0.41832853669048387 0.024625062942504883 0.027896224250023922
15.0 0.6344062429666519 0.4481411914660539 0.018687516450881958 0.03167146358435023
73.0 0.5253562587499618 0.6391066254387672 0.01678749918937683 0.030144125309045446
11.0 0.7491687327623368 0.5646397662094073 0.016662508249282837 0.029221892013329937
47.0 0.38320624113082885 0.5211239287076834 0.018587470054626465 0.029798268584765343
63.0 0.8079375207424164 0.4625504133680712 0.03912501096725464 0.03167146358435023
42.0 0.43906251788139344 0.6302305518378442 0.009375035762786865 0.030605167751697023
69.0 0.5848000001907349 0.4427377098918992 0.020400018692016603 0.036714732475170826
13.0 0.5402124977111816 0.4340921767506888 0.014575004577636719 0.036714732475170826
51.0 0.4946999830007553 0.4334870374168374 0.018099993467330933 0.03216141582565967
44.0 0.47131254196166994 0.5301440909547833 0.01737499237060547 0.034812688140429406
45.0 0.4285374879837036 0.5298847396366878 0.015424966812133789 0.029567718505859375
0.0 0.32741249084472657 0.7159366057997821 0.02017498016357422 0.026340066871313267
49.0 0.4506937336921692 0.42778097861781933 0.01861250400543213 0.032046078948534874
16.0 0.8161500358581543 0.5717435130468363 0.04520000457763672 0.03230550859434804
0.0 0.36120622158050536 0.4188040409033168 0.02258753776550293 0.026945292777905205
72.0 0.6803249603509903 0.45095105542229647 0.016850024461746216 0.031815528869628906
4.0 0.6831437802314758 0.771195942111936 0.02371248722076416 0.031095103502960644
5.0 0.6361937582492828 0.7593515544528576 0.027612507343292236 0.03172910179116197
9.0 0.45686874866485594 0.7369452553455011 0.026262521743774414 0.030432283363012486
14.0 0.22211872577667235 0.6962824280048997 0.03326249122619629 0.036829978657043634
23.0 0.22517502069473266 0.5026080697689002 0.03464996814727783 0.04377523141910432
43.0 0.14904999494552612 0.6886023087185467 0.021900057792663574 0.034899145450647005
41.0 0.1090499758720398 0.6857204533447794 0.021900057792663574 0.029135434703112334
56.0 0.06806871294975281 0.6799567645839724 0.02386254072189331 0.029135434703112334
63.0 0.23586874485015868 0.40048991431420405 0.03326249122619629 0.02899134193442397
61.0 0.7016187196969986 0.5605475593369014 0.016762524843215942 0.031642644480944365
18.0 0.6541124510765076 0.5544668686836528 0.016775012016296387 0.03227665925919151
25.0 0.6078562587499619 0.5496685937777033 0.01678749918937683 0.030345826052794882
21.0 0.661474980711937 0.6578674302664546 0.01704999804496765 0.03873199276003439
0.0 0.2960124886035919 0.5138184289080265 0.022975027561187744 0.027118146934839077
