46.0 0.5050480365753174 0.424352773030599 0.8319710731506348 0.5042611016167535
24.0 0.11038671731948853 0.20813889503479005 0.02546093463897705 0.021833345625135635
27.0 0.6615234434604644 0.20332638223965963 0.024609386920928955 0.020541653368208145
29.0 0.7535429775714875 0.20474999811914232 0.024273455142974854 0.020611107349395752
30.0 0.24528514742851257 0.20556249486075506 0.018695294857025146 0.01945832305484348
37.0 0.6153437614440918 0.20432638790872362 0.018187522888183594 0.01976388692855835
3.0 0.20333594381809234 0.2995208435588413 0.025421887636184692 0.021263866954379613
34.0 0.45316406190395353 0.20398611227671307 0.018828123807907104 0.019083335664537217
5.0 0.2929375022649765 0.300041659673055 0.023375004529953003 0.01952776379055447
28.0 0.7083202958106994 0.20413889421357048 0.021328091621398926 0.01938889953825209
31.0 0.29114843606948854 0.20559721522861057 0.01823437213897705 0.01952776379055447
33.0 0.4061132878065109 0.2042083336247338 0.01847657561302185 0.01952777836057875
36.0 0.5451914191246032 0.20286110838254293 0.018507838249206543 0.019611105653974746
26.0 0.20091796815395355 0.20552777581744724 0.015898436307907104 0.01938888496822781
32.0 0.33720311522483826 0.20526388353771632 0.018156230449676514 0.018861100408766006
7.0 0.38344530761241913 0.29761110809114244 0.024703115224838257 0.020222216182284886
55.0 0.8952578067779541 0.38140278259913124 0.028015613555908203 0.01836112075381809
56.0 0.9001992344856262 0.3020972225401137 0.02696096897125244 0.01808333396911621
19.0 0.8053203165531159 0.3795625077353583 0.02157813310623169 0.017458348804050023
62.0 0.8564609348773956 0.20501388642523025 0.02854686975479126 0.01836110618379381
10.0 0.5205703198909759 0.297972223493788 0.023953139781951904 0.020944446987575954
57.0 0.8112265467643738 0.20519443617926703 0.02870309352874756 0.018722205691867406
1.0 0.5664257824420929 0.29911806583404543 0.02191406488418579 0.020458311504787868
43.0 0.809765625 0.30113193988800047 0.01953125 0.016152768664889867
9.0 0.47561328411102294 0.2973055601119995 0.0231015682220459 0.019611120223999023
35.0 0.4986640602350235 0.20293749901983474 0.017640620470046997 0.01976388692855835
2.0 0.1570507824420929 0.300506948100196 0.02191406488418579 0.020458340644836426
17.0 0.1329374998807907 0.6131666587458716 0.02681249976158142 0.020777761936187744
8.0 0.4300156384706497 0.2981319487094879 0.02409377694129944 0.02126389741897583
22.0 0.85029296875 0.38055556217829384 0.0224609375 0.016666679912143285
66.0 0.1298632800579071 0.38202778233422174 0.02691406011581421 0.019611120223999023
54.0 0.9014765739440918 0.20619444251060487 0.027953147888183594 0.017944440576765273
4.0 0.24799608588218688 0.29935416446791757 0.02411717176437378 0.01815277338027954
41.0 0.8547929942607879 0.30070834822124903 0.028335988521575928 0.01808336310916477
17.0 0.7382500112056732 0.6173333254125383 0.028062522411346436 0.020777761936187744
38.0 0.6272539079189301 0.6158611092302534 0.021695315837860107 0.020611107349395752
12.0 0.24057422131299971 0.6165625181463029 0.02177344262599945 0.01923614740371704
12.0 0.5715156435966492 0.6167500045564439 0.02271878719329834 0.019611120223999023
0.0 0.6223827958106994 0.537743067741394 0.021328091621398926 0.02270835770501031
0.0 0.6598476648330689 0.29956944121254814 0.024382829666137695 0.018583326869540746
63.0 0.15205078125 0.537972198592292 0.0322265625 0.02038884162902832
0.0 0.6354179799556732 0.37906250688764787 0.019273459911346436 0.02201390266418457
0.0 0.6152109324932098 0.2990694483121236 0.025734364986419678 0.017583341068691676
14.0 0.7287773311138153 0.30192362070083617 0.026304662227630615 0.014958352512783475
0.0 0.6798046588897705 0.37936806943681506 0.018984317779541016 0.022625027762518988
16.0 0.1381328135728836 0.4603472173213959 0.03720312714576721 0.020694434642791748
23.0 0.7194023311138154 0.4608541773425208 0.026304662227630615 0.016152799129486084
63.0 0.706382817029953 0.5407500061723921 0.033078134059906006 0.020388901233673096
6.0 0.3378476589918137 0.3002013961474101 0.02413281798362732 0.017069458961486816
0.0 0.5324336051940918 0.5382083223925697 0.021117210388183594 0.02086108922958374
0.0 0.5779335916042327 0.5398819539282057 0.021492183208465576 0.018652796745300293
74.0 0.22252734750509262 0.5372639053397709 0.015367195010185242 0.021750032901763916
61.0 0.24240624606609346 0.45789581934611 0.01449999213218689 0.02134719424777561
68.0 0.8454296946525574 0.5406944301393297 0.022109389305114746 0.02305561171637641
47.0 0.5551367402076721 0.4600138968891568 0.01652348041534424 0.02280557155609131
58.0 0.1849375009536743 0.3800763931539324 0.015187501907348633 0.02126389741897583
40.0 0.4209218829870224 0.4585347215334574 0.0168437659740448 0.022624998622470433
13.0 0.39860546588897705 0.5360972099834018 0.0159609317779541 0.022194504737854004
70.0 0.22792187780141832 0.37844443652364945 0.01678125560283661 0.020777761936187744
59.0 0.31795702278614046 0.38058334589004517 0.015601545572280884 0.022277802891201442
45.0 0.5103515565395356 0.4600972241825528 0.014453113079071045 0.0229722261428833
25.0 0.32995311319828036 0.45911109844843545 0.01615622639656067 0.023777752452426488
53.0 0.5907031416893005 0.3785138792461819 0.015781283378601074 0.023694425159030492
21.0 0.27370312809944153 0.38024304774072437 0.016156256198883057 0.021597206592559814
44.0 0.4637617081403732 0.4601388878292508 0.01658591628074646 0.023055553436279297
15.0 0.3102031141519547 0.5362638645701938 0.015718728303909302 0.02252781391143799
51.0 0.4442304581403732 0.5377916746669346 0.01658591628074646 0.02280557155609131
11.0 0.19807031005620956 0.45880554649564953 0.013328120112419128 0.02038887076907688
0.0 0.7381601512432099 0.3800833331214057 0.024757802486419678 0.01849999957614475
73.0 0.40869140028953554 0.3777152816454569 0.017382800579071045 0.022097229957580566
20.0 0.8407929897308349 0.6155208150545756 0.020648479461669922 0.02270829677581787
52.0 0.5452148377895355 0.38045139577653675 0.015429675579071045 0.02201390266418457
39.0 0.3755195289850235 0.45893054140938655 0.016664057970046997 0.023416638374328613
42.0 0.49923436641693114 0.378208327293396 0.007843732833862305 0.020305543475680882
18.0 0.2857499986886978 0.4601875106493632 0.01524999737739563 0.023152799076504176
69.0 0.35464452505111693 0.5357985609107547 0.015539050102233887 0.021597206592559814
49.0 0.48763670325279235 0.5371458285384708 0.015898406505584717 0.02151387929916382
48.0 0.795558613538742 0.6180625100930531 0.01924222707748413 0.019458353519439697
50.0 0.6831992089748382 0.6162291679117414 0.013273417949676514 0.021347224712371826
67.0 0.4537421941757202 0.3806319422192044 0.01842188835144043 0.025152773327297633
65.0 0.36331250369548795 0.3820139010747274 0.018812507390975952 0.025138913260565863
72.0 0.2664609521627426 0.5383819394641453 0.01573440432548523 0.023986101150512695
0.0 0.6005976796150208 0.45977776183022395 0.021507859230041504 0.025111079216003418
0.0 0.6461210906505584 0.4555555548932817 0.021929681301116943 0.02222222089767456
0.0 0.11456640511751175 0.3026319397820367 0.0244453102350235 0.021930546230740016
71.0 0.1871015638113022 0.6163819419013129 0.01795312762260437 0.027208328247070312
60.0 0.8835195541381836 0.6160208278232151 0.021726608276367188 0.026486100090874567
64.0 0.40589452981948854 0.6315069304572212 0.26178905963897703 0.05468052758110894
