46.0 0.23869843482971193 0.8978631761338975 0.2836468696594238 1.4790596856011284
24.0 0.1170781284570694 0.19624305301242403 0.012281256914138793 0.045263883802625866
27.0 0.11437109000980854 1.176041677263048 0.01155468001961708 0.043750021192762584
29.0 0.11517187394201756 1.3396319601270887 0.01159374788403511 0.043152809143066406
30.0 0.11562890335917472 0.43606248431735567 0.010945306718349456 0.03323607974582248
37.0 0.11493359319865704 1.0939444647894965 0.011117186397314072 0.0323333740234375
3.0 0.16848047450184822 0.36148612234327526 0.011960925161838531 0.04519446690877279
34.0 0.1147421881556511 0.8056249989403619 0.010734376311302186 0.03347222010294596
5.0 0.16877343356609345 0.5207777818044027 0.01098436713218689 0.041555563608805336
28.0 0.1148281279951334 1.2592360814412435 0.0109062559902668 0.037916607326931424
31.0 0.11564843356609344 0.5175972196790907 0.01098436713218689 0.03241666158040365
33.0 0.11486718766391277 0.7219791783226861 0.010984375327825546 0.03284724553426107
36.0 0.1141093734651804 0.9692291895548503 0.011031246930360793 0.032902823554144964
26.0 0.11560937389731407 0.3571874989403619 0.010906247794628144 0.02826388676961263
32.0 0.11546093448996544 0.5994722048441569 0.010609368979930877 0.03227774302164713
7.0 0.16740624830126763 0.6816805468665229 0.011374996602535247 0.043916649288601346
55.0 0.21453906521201133 1.5915694342719184 0.010328130424022674 0.049805535210503474
56.0 0.16992968767881395 1.6003541946411133 0.010171875357627869 0.047930611504448786
19.0 0.21350391060113907 1.431680562761095 0.009820321202278137 0.03836112552218967
62.0 0.11532031111419201 1.5225972175598144 0.010328122228384019 0.05074999067518446
10.0 0.16760937571525575 0.9254583464728461 0.011781251430511475 0.04258335961235894
57.0 0.1154218703508377 1.442180527581109 0.010531240701675415 0.05102772182888455
1.0 0.16825391203165055 1.0069791687859428 0.011507800221443177 0.038958337571885854
43.0 0.16938671618700027 1.4395833333333334 0.009085932374000549 0.034722222222222224
9.0 0.16723437756299972 0.8455347273084852 0.01103125512599945 0.04106945461697049
35.0 0.11415234319865704 0.886513884862264 0.011117186397314072 0.03136110305786133
2.0 0.16903515830636023 0.27920139100816516 0.01150781661272049 0.038958337571885854
17.0 0.3449062455445528 0.2363333331214057 0.011687491089105606 0.04766666624281141
8.0 0.16769922114908695 0.764472246170044 0.011960942298173904 0.04283338122897678
22.0 0.2140625037252903 1.5116319444444444 0.009375007450580597 0.03993055555555555
66.0 0.21489062756299973 0.2308680534362793 0.01103125512599945 0.047847217983669706
54.0 0.11598437391221524 1.602625020345052 0.010093747824430465 0.04969448513454861
4.0 0.1683867175132036 0.4408819304572211 0.010210935026407242 0.04287497202555338
41.0 0.1691484458744526 1.5196319897969564 0.010171891748905182 0.05037509070502387
17.0 0.3472499955445528 1.3124444643656412 0.011687491089105606 0.049888928731282554
38.0 0.34642187394201757 1.1151180585225424 0.01159374788403511 0.03856945037841797
12.0 0.34681641645729544 0.42768750455644394 0.010820332914590836 0.03870834244622125
12.0 0.34692187756299975 1.0160278108384875 0.01103125512599945 0.04038895501030816
0.0 0.30248047560453417 1.1064583036634656 0.012773451209068299 0.037916607326931424
0.0 0.16850781068205833 1.173062515258789 0.010453121364116668 0.04334725273980035
63.0 0.3026093617081642 0.2703125 0.01146872341632843 0.057291666666666664
0.0 0.2132226601243019 1.1296319643656412 0.01238282024860382 0.034263928731282554
0.0 0.16822656467556954 1.093708324432373 0.009890629351139069 0.04574998219807943
14.0 0.16983203664422036 1.2956041442023383 0.008414073288440705 0.046763843960232206
0.0 0.21339453905820846 1.2085416158040365 0.01272657811641693 0.033749898274739586
16.0 0.25894530974328517 0.24556944635179306 0.011640619486570358 0.06613889270358615
23.0 0.25923047475516797 1.2789374775356717 0.009085949510335922 0.046763843960232206
63.0 0.3041718784719706 1.2557916747199165 0.011468756943941116 0.05880557166205512
6.0 0.16886328533291817 0.600618060429891 0.009601570665836334 0.04290278752644857
0.0 0.3027421813458204 0.9465486314561632 0.011734362691640854 0.037541707356770836
0.0 0.30368359908461573 1.0274374961853028 0.010492198169231415 0.038208325703938804
74.0 0.3022109467536211 0.3956041733423869 0.012234393507242203 0.027319457795884874
61.0 0.25756639838218687 0.4309444374508328 0.012007796764373779 0.02577776379055447
68.0 0.30414061695337297 1.5029861238267688 0.01296878159046173 0.03930558098687066
47.0 0.25875781700015066 0.9869097603691949 0.012828134000301361 0.029375076293945312
58.0 0.21379297114908696 0.3287777794731988 0.011960942298173904 0.027000003390842013
40.0 0.2579257808625698 0.7483055697547065 0.012726561725139618 0.02994447284274631
13.0 0.30155468061566354 0.7086319393581815 0.012484408915042877 0.028374989827473957
70.0 0.2128749955445528 0.40519444942474364 0.011687491089105606 0.02983334329393175
59.0 0.2140781320631504 0.565256929397583 0.012531264126300812 0.02773608101738824
45.0 0.2588046886026859 0.9072916560702854 0.012921877205371857 0.025694423251681857
25.0 0.2582499928772449 0.5865833123524984 0.013374985754489898 0.028722180260552302
53.0 0.21291405707597733 1.0501389185587564 0.01332811415195465 0.0280556148952908
21.0 0.21388671435415746 0.4865833388434516 0.012148428708314896 0.028722233242458768
44.0 0.25882812440395353 0.824465258916219 0.012968748807907104 0.029486073387993708
15.0 0.30164842382073404 0.5514722029368083 0.012671895325183868 0.027944405873616535
51.0 0.30250781700015067 0.7897430366939968 0.012828134000301361 0.029486073387993708
11.0 0.25807811990380286 0.35212499565548366 0.011468739807605743 0.023694435755411785
0.0 0.21379687488079072 1.3122847133212618 0.01040624976158142 0.04401387108696832
73.0 0.21246484592556952 0.7265624894036187 0.012429691851139069 0.030902756585015193
20.0 0.3462304584681988 1.4947430928548178 0.012773416936397552 0.03670840793185764
52.0 0.21400391012430192 0.9692708227369521 0.01238282024860382 0.02743053436279297
39.0 0.25814842954277994 0.6675902737511529 0.013171859085559845 0.029624991946750216
42.0 0.21274218410253526 0.8875277625189887 0.011421868205070495 0.013944413926866319
18.0 0.2588554747402668 0.5079999976687961 0.0130234494805336 0.02711110644870334
69.0 0.30138669051229955 0.6304791556464301 0.012148428708314896 0.02762497795952691
49.0 0.3021445285528898 0.8669096946716308 0.012101557105779648 0.028263833787706163
48.0 0.3476601619273424 1.4143264240688749 0.01094532385468483 0.03420840369330512
50.0 0.3466289069503546 1.2145763715108235 0.012007813900709152 0.02359718746609158
67.0 0.21410546749830245 0.8066527896457248 0.01414843499660492 0.0327500237358941
65.0 0.21488281935453415 0.6458888954586453 0.014140638709068298 0.03344445758395725
72.0 0.3028398409485817 0.4737083594004313 0.013492181897163391 0.027972274356418185
0.0 0.258624991029501 1.0677292082044814 0.014124982059001923 0.03823619418674045
0.0 0.25624999962747097 1.148659716712104 0.01249999925494194 0.03898610009087457
0.0 0.17023046612739562 0.20367360909779866 0.01233593225479126 0.04345832930670844
71.0 0.3467148423194885 0.3326250023312039 0.01530468463897705 0.031916671329074435
60.0 0.3465117156505585 1.570701429578993 0.014898431301116944 0.038625081380208336
64.0 0.35522264838218687 0.7215902752346463 0.03075779676437378 0.46540277269151475
