46.0 0.2810814819335937 0.9556546387849031 0.4981629638671875 1.7775796395760994
24.0 0.04029999971389771 1.6416018415380407 0.01459999942779541 0.03161111761022497
26.0 0.045299999237060545 1.5042314917952926 0.016599998474121094 0.035981474982367624
30.0 0.049130001068115235 1.434166717529297 0.01826000213623047 0.03166667796947338
31.0 0.05296500015258789 1.363787054132532 0.01593000030517578 0.03168516512270327
32.0 0.05446499919891357 1.2887777822989004 0.016929998397827148 0.03725925021701389
33.0 0.06013000202178955 1.1720925825613517 0.0162600040435791 0.0335926267835829
34.0 0.06095999908447266 1.096472235079165 0.015919998168945314 0.025574090745713977
35.0 0.06545999526977539 1.0146667074274134 0.018919998168945313 0.03733331539012768
36.0 0.068625 0.929166645473904 0.01525 0.04166673730920862
37.0 0.07295999717712402 0.8004443945708098 0.015919994354248047 0.03614812073884187
27.0 0.07845999813079833 0.7140185214855053 0.016919996261596678 0.053444396124945746
28.0 0.08095500421524048 0.6173981525279858 0.015910008430480956 0.04298157162136502
29.0 0.08395499897003174 0.5244814484207718 0.017909997940063475 0.04733337119773582
57.0 0.08961999702453613 0.4031759138460512 0.017239994049072265 0.05661105756406431
62.0 0.09245500183105469 0.3016203633061162 0.016910003662109374 0.0634259683114511
54.0 0.09761999893188476 0.19759260460182473 0.02123999786376953 0.0677777678878219
0.0 0.09795500040054321 1.6764814412152325 0.009910000801086425 0.0396296395195855
2.0 0.10395000076293945 1.6122685220506456 0.013900001525878907 0.03472222928647642
3.0 0.1072849988937378 1.544675929458053 0.012569997787475586 0.040277784842031976
4.0 0.11115000343322753 1.4736389372083876 0.014300006866455078 0.03790739553946036
5.0 0.11404499912261963 1.4003333056414569 0.014089998245239257 0.0363703692400897
6.0 0.11804499912261963 1.3294907040066188 0.014089998245239257 0.04101853547272859
7.0 0.12251999664306641 1.2550184850339536 0.013039993286132813 0.04181481114140263
8.0 0.12508000087738036 1.1750000017660636 0.016160001754760744 0.04259259612471969
9.0 0.13004000186920167 1.0967036936018202 0.01408000373840332 0.03992589667991356
10.0 0.1353499984741211 1.0150184490062573 0.014699996948242188 0.04033330281575521
1.0 0.13804000616073608 0.9295555609243887 0.014080012321472168 0.04459255359790943
0.0 0.14403499698638916 0.8429351488749186 0.01406999397277832 0.051166612130624275
0.0 0.14741000747680663 0.7546573850843642 0.012820014953613281 0.05735181172688802
14.0 0.156910005569458 0.6138610945807563 0.017820011138916014 0.06857414952030888
66.0 0.1561800003051758 1.6850092552326343 0.016360000610351564 0.044796297285291886
58.0 0.1612799949645996 1.6008889110000044 0.016559989929199218 0.027851814693874783
70.0 0.16565499782562257 1.5319073429814092 0.015309995651245117 0.03248149730541088
21.0 0.17006999397277833 1.4637592333334464 0.01613998794555664 0.031740743142587166
59.0 0.17396499395370482 1.3915277322133381 0.015929987907409668 0.03175925855283384
65.0 0.17844499683380127 1.3139351738823786 0.01488999366760254 0.03138891149450231
73.0 0.18427500629425048 1.2371110421639901 0.016550012588500976 0.02948150634765625
67.0 0.18886000871658326 1.1603332978707772 0.015719986915588378 0.03488891742847584
42.0 0.19372999763488769 1.0800741292812206 0.01945999526977539 0.02874069743686252
52.0 0.19810499954223632 0.9980463063275372 0.018209999084472656 0.03724070654975043
53.0 0.20469000339508056 0.9114536779898185 0.017380006790161134 0.032648114804868344
0.0 0.20969000339508057 0.826768465395327 0.017380006790161134 0.03535184507016782
0.0 0.21320500373840331 0.7372870480572736 0.018410007476806642 0.03653698673954717
0.0 0.22155999088287354 0.6167500849123354 0.02111998176574707 0.06279625362820096
16.0 0.21127000141143798 1.7081666787465413 0.016540002822875977 0.054037034070050276
11.0 0.21691499757766725 1.617638862574542 0.013829995155334472 0.023981474064014578
61.0 0.22123000717163085 1.5486481066103335 0.01446001434326172 0.02862962793420862
18.0 0.22670500469207763 1.4761111427236486 0.013410009384155274 0.025555573569403755
25.0 0.2328099970817566 1.4051481441215232 0.013619994163513184 0.02674074172973633
39.0 0.2386399989128113 1.326981512705485 0.015279997825622558 0.027518526713053385
40.0 0.24422500228881835 1.2527036490263763 0.014450004577636719 0.027925879866988572
44.0 0.2468450026512146 1.1747222229286476 0.0156900053024292 0.02833328953495732
45.0 0.2554299898147583 1.092194452992192 0.014859979629516601 0.03412961959838867
47.0 0.2610499982833862 1.0096944941414727 0.01609999656677246 0.028759241104125977
0.0 0.2666349935531616 0.9231852319505479 0.015269987106323242 0.038814763669614435
0.0 0.27190499591827394 0.8345185862647162 0.01380999183654785 0.04577769173516168
23.0 0.28613002586364744 0.6840462896558973 0.02025999069213867 0.06894447185375073
63.0 0.2660900011062622 1.7239444185186314 0.018180002212524415 0.05211111351295754
74.0 0.27300998830795287 1.6160926006458425 0.014019976615905762 0.0270740720960829
72.0 0.27935999488830565 1.549037073276661 0.01671998977661133 0.027851842950891565
15.0 0.284589994430542 1.473175980426647 0.013179988861083984 0.024018519013016312
69.0 0.29068999767303466 1.3992128999144942 0.013379995346069335 0.027500009536743163
13.0 0.2960050072669983 1.3252407533151132 0.014010014533996583 0.030999988979763454
51.0 0.3050399971008301 1.2498888863457573 0.016079994201660158 0.02985182868109809
64.0 0.3644965133666992 1.3548805519386573 0.07899296569824218 0.48283148871527776
49.0 0.3104149990081787 1.1677036956504538 0.014829998016357421 0.02755555753354673
0.0 0.3158299956321716 1.0839722085882115 0.01565999126434326 0.046870334060103803
0.0 0.32424499225616454 1.0031388971540662 0.016489984512329102 0.04187033264725296
0.0 0.33135000133514403 0.9180555396609836 0.016700002670288087 0.04537033858122649
63.0 0.3441149959564209 0.7453241454230415 0.020229991912841798 0.079722206680863
17.0 0.31442999792098997 1.8002222043496592 0.01485999584197998 0.044000000423855254
71.0 0.32209497547149657 1.7126389326872649 0.018190011978149415 0.0339814786557798
12.0 0.3311150045394897 1.6268981191847058 0.014230009078979491 0.04249998728434245
12.0 0.3852250099182129 1.0508703532042327 0.020450019836425783 0.053814771440294056
38.0 0.395219988822937 0.9440277664749711 0.020439977645874022 0.05268520779079861
50.0 0.40480499172210693 0.8277685271369086 0.019609983444213868 0.040759312665020975
17.0 0.4151550064086914 0.7168425842567726 0.02231001281738281 0.05890738169352214
43.0 0.16372000122070313 0.44112035610057687 0.01744000244140625 0.05109255048963759
41.0 0.1685749979019165 0.3408055482087312 0.015149995803833008 0.06653710824471933
56.0 0.17408999824523927 0.23662039438883464 0.016179996490478514 0.07120371218080875
55.0 0.24201499843597413 0.26409256546585647 0.018029996871948242 0.0681112218786169
22.0 0.23711999893188476 0.37136110729641386 0.018239997863769532 0.05727785604971426
19.0 0.229910005569458 0.47087034119500054 0.017820011138916014 0.05455557858502423
68.0 0.3700500211715698 0.4416574036633527 0.0160999813079834 0.042611139791983145
48.0 0.4258699903488159 0.5776666252701371 0.017739980697631837 0.048370382520887586
20.0 0.43769999980926516 0.4809722405892831 0.019399999618530273 0.04916665818956163
60.0 0.4468000030517578 0.37483336130777994 0.019600006103515626 0.05033336215549045
