46.0 0.24405248658650122 0.910742211218325 0.2553352823062819 1.5412097990204014
24.0 0.36494897822944483 1.534468865765191 0.010626799858693827 0.034689102765809686
26.0 0.36376093740713494 1.379261612274486 0.010087467143556466 0.029041473111958083
62.0 0.3623032031184383 0.3507771664950514 0.010087450461206909 0.03937823043586059
33.0 0.3631413938700284 1.0454533680733005 0.008411080079593047 0.028264268074628604
32.0 0.36328716667330996 1.1542486675045034 0.011034996099444243 0.033471497847008584
14.0 0.32466473211004854 0.5304015584560255 0.0066472413588543324 0.032461141675247426
38.0 0.16392857965853055 0.6571243809912489 0.010335282751144542 0.03290159591121377
12.0 0.1634766833080147 0.75542744206641 0.01123907823256779 0.053911866301699626
28.0 0.36223761437585683 0.5787435430319198 0.010218652969894187 0.02904152499579395
2.0 0.31589650273670605 1.4718781814674022 0.012521857770469377 0.03551813481385226
12.0 0.15848395602001045 1.3846113533553681 0.009562657108807356 0.039067354844641806
63.0 0.2070918500249657 0.5263082734043734 0.011472271065670269 0.030285032301986772
55.0 0.28681487244697773 0.24777206855734396 0.012376116594142192 0.03813461936199603
0.0 0.2454227417620556 0.7206607062581907 0.010612243813606462 0.03018132639672472
34.0 0.36263847733378063 0.9729663312743982 0.009416915932480169 0.028160616523861266
60.0 0.16690960917458939 0.19581607709894527 0.010204080242457265 0.022875687001282688
64.0 0.15630467779087256 1.0668264201268014 0.02558308092567733 0.48810881777748544
0.0 0.20495626808255477 0.832253814361256 0.012827996957406359 0.03497410808820181
54.0 0.36236880020219453 0.28409327373603466 0.00995626463486919 0.04321245578904226
5.0 0.3149489845548357 1.2353238515903295 0.01150146587249489 0.0371243175447296
70.0 0.2835058317935154 1.3618005137369422 0.013163263526671829 0.038056998672880656
71.0 0.15674197082964395 1.4900648062710935 0.015962133602220183 0.04577719238755616
37.0 0.36209912341815736 0.7213341967429522 0.010495614032356106 0.02883422189425928
41.0 0.32419824878258885 0.3344689403790884 0.010495614032356106 0.03572525261597312
4.0 0.3148615249044346 1.3140284916279847 0.011676386563492933 0.040336813951403365
74.0 0.20166179390064828 1.4003885335872828 0.013585999825257948 0.023056986418412757
35.0 0.3621428575877198 0.90195595415145 0.010408162375580813 0.030284977947492055
15.0 0.20166179390064828 1.2415414585350708 0.013585999825257948 0.029870475512094447
17.0 0.16490525476439005 0.45453367332102723 0.011297367752119682 0.04430045982716615
6.0 0.31426384393397294 1.160414512910991 0.00995626463486919 0.03668396707643499
25.0 0.24193878285043788 1.1875517677149006 0.014664730594735104 0.029041473111958083
36.0 0.36205539758976973 0.8285751268653672 0.010583082371480958 0.03196888760581535
56.0 0.32446793286515396 0.2630181164321504 0.012871731126968784 0.03354924948104305
47.0 0.24443877125620495 0.7957771960935445 0.012580180654720384 0.035388608052940564
10.0 0.3143148735035265 0.8635233041536005 0.012769672682959555 0.0190674159193286
50.0 0.16351312312023286 0.5554275154449779 0.01116619860813152 0.023860088901816255
63.0 0.19973760374085897 1.5822668643813058 0.011603506939056664 0.021994818059891615
0.0 0.2031049610226912 0.6727461048976128 0.01653061107713349 0.032746092643144833
59.0 0.2844679171420395 1.2016839005168856 0.011239060855120334 0.026683958083236772
11.0 0.24178569101383665 1.4314118815209582 0.01205540398467039 0.028367867741560072
73.0 0.284591842323281 1.0473704807498911 0.010991245247532257 0.024430042721446932
43.0 0.32322886664387784 0.4055181229052766 0.012434406113694082 0.03870473130379316
0.0 0.32386296900646333 0.716360124281651 0.011166181925781962 0.02323838960321456
52.0 0.2852842578387469 0.8185751240488162 0.012521857770469377 0.026062152546304496
53.0 0.2857944572632236 0.7462305738518276 0.01150144919014533 0.02567360191147562
1.0 0.3197376039910942 0.7877331916532369 0.013586016507607507 0.030751332100191264
72.0 0.20215015856239607 1.3244300308622845 0.012609292744895112 0.029896375428827317
9.0 0.3139358612955833 0.9386657840847351 0.010612243813606462 0.024222791503748127
13.0 0.20342566181549873 1.0719948049653998 0.012973754816083101 0.026994860851702912
0.0 0.28405975739392875 0.5979015802472366 0.01205538730232083 0.026994860851702912
0.0 0.2034985421350329 0.7501684038132583 0.012827996957406359 0.028160616523861266
67.0 0.2842128130854393 0.9725777188730981 0.014664730594735104 0.0393005850401567
29.0 0.36360786642347065 0.5080051236819727 0.010393589648143891 0.035803110488338175
51.0 0.20510933072504428 0.9919041636076615 0.012521857770469377 0.03173578835521955
19.0 0.2869970666423831 0.3934456165590435 0.01201168649745752 0.03694301812759953
18.0 0.24266035424724614 1.2748834703870389 0.013221604483468192 0.030544028998656596
7.0 0.31397958712397095 1.0837176278465153 0.01052477547448161 0.034637302932343954
69.0 0.20495626808255477 1.1557513358061795 0.012827996957406359 0.025284947508975014
0.0 0.3241618058424302 0.646904152292044 0.010568509644044037 0.02225388146435041
23.0 0.2646720242569815 0.49352331606217614 0.010014588214218096 0.03886002456585978
49.0 0.20568511367886824 0.9097279748768387 0.011370280741255068 0.030284977947492055
57.0 0.36378280032132876 0.4217616449365962 0.010043732973994041 0.0373057207295314
40.0 0.24641399376593942 1.0279015580607203 0.011545183359707757 0.027098408634798513
27.0 0.3632361510057143 0.6494430112097548 0.008221571369004319 0.032720244610247834
44.0 0.24470116515201312 0.9514119044486723 0.01205540398467039 0.029818678149287566
20.0 0.16651602667205187 0.27081607907547234 0.010991261929881816 0.023134789936283092
0.0 0.24454081093257093 0.5743264287246941 0.012376098521596835 0.027512856715701403
39.0 0.24479593618965706 1.1089248743699622 0.011865878591732102 0.02567360191147562
0.0 0.2843804654852642 0.6742228226340496 0.011413997533370038 0.024611448376907586
0.0 0.24594752016985033 0.6481218152713282 0.01247812360090695 0.02499999654107761
58.0 0.28347667243668356 1.4426553928790316 0.013221587801118633 0.036968918044332395
45.0 0.24472302806620694 0.8767227879459993 0.012011669815107963 0.028937873445026616
68.0 0.20778426658307847 0.28778496678011406 0.01008743377885735 0.02028496895429384
48.0 0.16583089439236387 0.3485362727407347 0.009446077374605674 0.023134683697952508
66.0 0.2849854276062101 1.5119171290817657 0.0160349951541111 0.03316061978513095
65.0 0.2821210139694436 1.124572562430189 0.01301747230329597 0.02546629880994095
30.0 0.36431487134872304 1.302979276587926 0.008979607601555027 0.03134718583655481
31.0 0.36431487134872304 1.227836760832238 0.008979607601555027 0.03137308575328768
42.0 0.2841107803600523 0.894196906855687 0.011953330248507397 0.019896366435629097
8.0 0.31527696754077433 1.0088730784895505 0.010845487388855515 0.028886021727725014
3.0 0.3151166216625069 1.3938600967585113 0.01116619860813152 0.0361139885502158
0.0 0.3190451870854325 1.5500518522114333 0.014970853099322527 0.0242487062444341
61.0 0.24274053100941828 1.3567616185993727 0.01306125651990707 0.02740933610985316
21.0 0.2836224435022204 1.282189118429787 0.012930003964171117 0.026295303680736168
22.0 0.28768951135196075 0.31976677963770733 0.010626816541043384 0.03922283340612224
