46.0 0.44155849461078106 0.6238720245361328 0.7931282378154879 0.4477440490722656
24.0 0.12245781536981949 0.43639999771118165 0.01994375222445339 0.02079999542236328
26.0 0.19820585240126998 0.4321100053787231 0.016209230111876274 0.02022001075744629
30.0 0.23573678416798166 0.4301100053787231 0.017030373735288398 0.02022001075744629
31.0 0.274786286734891 0.4289500102996826 0.01638922138879216 0.017900020599365234
32.0 0.31176602371095674 0.4279599952697754 0.018357694216064178 0.01991999053955078
33.0 0.3682452068822322 0.4249799947738647 0.016580402515870514 0.021959989547729493
34.0 0.40626546261146984 0.42540999794006346 0.018380194064334488 0.022819995880126953
35.0 0.4424128071127378 0.42337999820709227 0.016434163156859114 0.01875999641418457
36.0 0.4787401563002905 0.4216700038909912 0.01709786040710518 0.019340007781982423
37.0 0.5350675110875956 0.42094999504089353 0.017266630724122742 0.01789999008178711
27.0 0.5717378805136922 0.41953000831604004 0.020866155892577027 0.01906001663208008
28.0 0.6099718992836162 0.41666000366210937 0.018593967296141205 0.01732000732421875
0.0 0.11321147300797453 0.5003499994277955 0.019448817781978302 0.01669999885559082
66.0 0.11464004602421524 0.567499997138977 0.02680540138476343 0.0189999942779541
16.0 0.110905513184143 0.631920030593872 0.03283464841553009 0.019840061187744142
63.0 0.11129921010964633 0.7003400049209595 0.0313723234813849 0.020680009841918947
17.0 0.07757592710788928 0.7727200107574463 0.02466816467697092 0.017440021514892576
71.0 0.13367828502161563 0.7700300016403199 0.026636660031982697 0.020060003280639647
12.0 0.18725533909148656 0.7677399950027466 0.02355454769928356 0.019479990005493164
74.0 0.1799437557216168 0.6960499992370606 0.01343081852984777 0.020099998474121094
11.0 0.1662823352019886 0.629629994392395 0.013104602912413658 0.01925998878479004
58.0 0.16380202783642522 0.5620799798965455 0.014893144536742477 0.02015995979309082
2.0 0.15152981364418605 0.4970800075531006 0.017345324410094187 0.01816001510620117
3.0 0.18924071952382143 0.495660005569458 0.020776152208497742 0.019320011138916016
4.0 0.22790212813593003 0.4969299831390381 0.02160853073755185 0.01785996627807617
5.0 0.2678908894112998 0.4926400060653687 0.018346458237672683 0.017280012130737304
6.0 0.3063217169522435 0.493219988822937 0.02096739340954878 0.018439977645874024
7.0 0.34424635261733033 0.48922000408172606 0.020326226044559373 0.01844000816345215
8.0 0.38580989837646484 0.48892999744415283 0.022463441297361633 0.017859994888305666
9.0 0.42394261472807154 0.48864000606536867 0.017738997735108245 0.017280012130737304
10.0 0.46075365647958555 0.48838001441955564 0.019370080113276854 0.02076002883911133
1.0 0.4989257400564187 0.4859200119972229 0.01922380857178009 0.0158400239944458
0.0 0.5373397307937674 0.4826099910736084 0.01956135135131424 0.013219982147216798
0.0 0.5761586190342769 0.48089999771118164 0.020708620481201447 0.01379999542236328
70.0 0.2023172110352661 0.5613799867630005 0.017682791024412964 0.022759973526000978
21.0 0.2437570178200343 0.5609499988555908 0.015073090758178849 0.021899997711181642
59.0 0.28231720125179055 0.5566300077438354 0.013453334469360763 0.017260015487670897
65.0 0.32299775025975985 0.5553500022888184 0.016074240677000032 0.01870000457763672
73.0 0.36397076243088405 0.555499997138977 0.014780669968629714 0.0189999942779541
67.0 0.4028740170567859 0.5532099905014038 0.01609674052527034 0.018419981002807617
42.0 0.44235658645629883 0.5506599922180175 0.009572565488525666 0.021319984436035156
52.0 0.480174349451226 0.5486300077438354 0.015466809138672424 0.017260015487670897
53.0 0.5193813203826664 0.5483399715423584 0.015140593521238312 0.016679943084716795
0.0 0.5598818566587296 0.5449200134277343 0.015151858463866638 0.01784002685546875
0.0 0.5968616129442865 0.5432099905014038 0.01712030125415231 0.018419981002807617
0.0 0.5323284683399179 0.6122099781036376 0.016287982799070892 0.02041995620727539
0.0 0.5716422749316599 0.6097500047683716 0.018425225943360473 0.015500009536743164
47.0 0.4916647893907785 0.6142100076675415 0.015950501166258943 0.020420015335083006
45.0 0.45237346333781564 0.6159200010299682 0.016108006540648177 0.019840002059936523
44.0 0.41122047490826874 0.6167600049972534 0.014791905947021209 0.017520009994506838
40.0 0.3714398243564052 0.619629994392395 0.013970762323609085 0.01925998878479004
39.0 0.3299775171869919 0.6228999862670899 0.014285743035401215 0.017799972534179687
25.0 0.2885939160401695 0.6230499820709229 0.014758170120359406 0.0180999641418457
18.0 0.24768840824122906 0.6270500116348267 0.013936996459960938 0.01810002326965332
61.0 0.20735096046439172 0.6257699756622315 0.014251977171753067 0.01953995132446289
64.0 0.3476878489096334 0.7736680068969727 0.25893025349980664 0.06333601379394531
72.0 0.2212429625915596 0.6961599950790405 0.0127896372191147 0.016319990158081055
15.0 0.2620866167263722 0.6929200181961059 0.01573678800842491 0.021840036392211912
69.0 0.3051630927687689 0.6914700155258179 0.0164004262574478 0.018940031051635744
13.0 0.34719347712427745 0.6892099943161011 0.01722159991784627 0.02241998863220215
51.0 0.38921259653715773 0.6877600221633912 0.015770524907836227 0.019520044326782227
49.0 0.4311642131869785 0.6850299844741822 0.016434163156859114 0.018059968948364258
0.0 0.47282339295600745 0.6817600221633912 0.02101236521460208 0.019520044326782227
0.0 0.5142857151439139 0.6801999940872192 0.020697414539796295 0.020399988174438475
0.0 0.5539032385775692 0.6784599857330322 0.02119237258276065 0.016919971466064453
12.0 0.510292469449467 0.7509100046157837 0.023959517076661805 0.02182000923156738
38.0 0.5638019939375406 0.7470499858856201 0.02299213302148877 0.022099971771240234
50.0 0.6161529934714696 0.7497800235748291 0.01745784296093695 0.023560047149658203
29.0 0.6470022555545425 0.41467000198364257 0.02066367871313449 0.017340003967285158
14.0 0.6330483536350178 0.48022000217437744 0.024251937866210938 0.016440004348754884
0.0 0.6445894284242988 0.5412500190734864 0.020337462022950867 0.022500038146972656
23.0 0.6379134046213432 0.6061099948883056 0.02948260226855798 0.024219989776611328
63.0 0.6339201299626593 0.6767800064086914 0.03274464687694983 0.021560012817382814
17.0 0.6708605136592423 0.743209994316101 0.030134975574952545 0.02241998863220215
68.0 0.7537401599476389 0.6670799674987793 0.013667046554445282 0.022159934997558594
20.0 0.7638020247254517 0.7395000009536743 0.01579302582885605 0.023000001907348633
48.0 0.7241000968237964 0.7404799861907959 0.015129327505860473 0.020959972381591797
60.0 0.8037289301911945 0.7361900100708008 0.01465696049487497 0.020380020141601562
19.0 0.7055174148525243 0.539660005569458 0.022958339266353302 0.019320011138916016
43.0 0.7002868062331519 0.47635999870300294 0.021495997168215913 0.016719997406005858
57.0 0.6923453477960335 0.41353999137878417 0.023610830575194214 0.01907998275756836
62.0 0.7275309106764563 0.4100899896621704 0.021990955211180267 0.01617997932434082
54.0 0.7670866276469622 0.41051999187469485 0.024611950457029054 0.01703998374938965
41.0 0.7377558827266114 0.4729100112915039 0.024443149030275634 0.013820022583007812
22.0 0.7440607469985671 0.5371900186538696 0.019055127292972044 0.014380037307739258
55.0 0.7832452153998634 0.5380899934768677 0.02543306297070532 0.02017998695373535
56.0 0.7754499373205332 0.4735200090408325 0.025590538308108216 0.019040018081665038
