46.0 0.2115455430055496 0.9929089965820312 0.2518245495344576 1.4101820068359374
24.0 0.31698538240619395 1.5602700347900391 0.011698535108190822 0.035459991455078124
26.0 0.3193981853995736 1.425589937210083 0.011372334509249881 0.028820011138916017
30.0 0.32052307912013395 1.3588599729537965 0.011372334509249881 0.030280004501342772
31.0 0.32117547012689546 1.2894300031661987 0.010067503149249288 0.029140035629272462
32.0 0.3217322904159838 1.2236799755096435 0.011203594229218662 0.03263998031616211
33.0 0.323408308662097 1.123259997367859 0.012350950251816362 0.029479955673217772
34.0 0.3231664739121736 1.0556600608825684 0.012834643352152392 0.032679985046386716
35.0 0.32430820497270374 0.9913900003433228 0.010551179085593122 0.02921994209289551
36.0 0.3252699533383141 0.926799973487854 0.010877394703027234 0.030399995803833006
37.0 0.3256749334431875 0.8266499614715577 0.010067485985257092 0.030700069427490234
27.0 0.3264735718545817 0.7614500370025635 0.010719919365624341 0.037100025177001957
28.0 0.32808773697294186 0.6934699172973633 0.009741286459065664 0.03306007385253906
0.0 0.2810179905628595 1.5767100429534913 0.009392575284359292 0.03457999801635742
66.0 0.24325082487142796 1.5741699676513672 0.01068616101122278 0.047660003662109374
16.0 0.20701912471226283 1.5808099975585939 0.011158639588157559 0.0583800048828125
63.0 0.16853768967670316 1.5801099662780762 0.011631051654622578 0.05577999114990234
17.0 0.12782901746752023 1.6400700130462647 0.00980878600387659 0.0438599967956543
71.0 0.12934195955102704 1.5403200054168702 0.011282341552665718 0.047359981536865235
12.0 0.1306299122702016 1.4450599880218506 0.010956124862482094 0.04187998580932617
74.0 0.17095051948882062 1.4580599927902222 0.011304836037188466 0.023879995346069337
11.0 0.20830709513180434 1.4823500652313233 0.010832389642739054 0.023299983978271484
58.0 0.24629923355995068 1.486760025024414 0.011338560063605636 0.026480010986328125
2.0 0.28285712788155964 1.5085800275802612 0.010213731780765564 0.03083998680114746
3.0 0.2836557920389422 1.441529935836792 0.010866147997140616 0.036939998626708985
4.0 0.2829415060671966 1.3727900619506836 0.01004497540949166 0.03841996765136719
5.0 0.2853543348065646 1.3016900062561034 0.009718791974542916 0.032620002746582034
6.0 0.2850281309893751 1.233359983444214 0.010371191026925772 0.03728002548217774
7.0 0.28727784119253086 1.1659300003051758 0.010371208190917969 0.03614002990722656
8.0 0.28744095168312167 1.0920300579071045 0.010044991500734344 0.03993999862670899
9.0 0.2876040535917164 1.0242299909591674 0.009718791974542916 0.03153993797302246
10.0 0.28775028383235696 0.9587799987792969 0.011676056714910758 0.03444000244140625
1.0 0.28913386707499006 0.8909100341796875 0.008908899884390213 0.034179931640625
0.0 0.29099549485540227 0.8226100120544434 0.00743531054399145 0.034780082702636717
0.0 0.2919572609213796 0.7535899562835693 0.007761527234175074 0.03681992721557617
70.0 0.24669291761245984 1.4182800598144532 0.01280088499775083 0.03144000244140625
21.0 0.24693474378038713 1.3446000509262086 0.012317209061406997 0.026799955368041993
59.0 0.24936447047007232 1.2760399703979493 0.009707545268656298 0.023920028686523438
65.0 0.2500843588761457 1.2037100439071655 0.010517437895183756 0.028579999923706054
73.0 0.24999999839087572 1.1308599863052369 0.01068616101122278 0.026280031204223633
67.0 0.2512879511100503 1.061690007209778 0.010359944321039155 0.028620004653930664
42.0 0.2527221512338576 0.9914899911880494 0.011990992371223372 0.017020021438598633
52.0 0.2538638737123916 0.9242499933242798 0.009707545268656298 0.02749998664855957
53.0 0.2540270019033494 0.8545400047302246 0.009381295323237794 0.026919975280761718
0.0 0.2559504986345701 0.7825300607681275 0.01003376088609041 0.026940004348754883
0.0 0.25691228240091435 0.7167800064086914 0.010359944321039155 0.030439895629882814
0.0 0.218104626384173 0.8315199947357178 0.011484789767871423 0.028960033416748045
0.0 0.21948819165825173 0.7616200160980224 0.008717665656211003 0.032760051727294924
47.0 0.2169797664552223 0.9038200101852417 0.011484823023106303 0.028359991073608398
45.0 0.216018000389245 0.9736800031661987 0.011158606332922679 0.02864003562927246
44.0 0.21554556579504025 1.0468500776290894 0.009853773900172573 0.026300008773803712
40.0 0.2139313749306918 1.117580041885376 0.010832389642739054 0.024840015411376953
39.0 0.2120922376119916 1.1913000011444093 0.010011233146332782 0.025400051116943358
25.0 0.21200787766309637 1.2648800230026245 0.010179957335121318 0.026240026473999024
18.0 0.20975815834156977 1.3376099605560303 0.010179990590356198 0.024779979705810546
61.0 0.21047808107562757 1.409330041885376 0.010989848888899263 0.025340015411376954
64.0 0.12729584272318134 1.1598110046386718 0.03562205500221896 0.4603779907226562
72.0 0.1708886320330831 1.384629997253418 0.009178847108032089 0.022739974975585938
15.0 0.1727109062658252 1.3120100240707397 0.012283485034989827 0.027980009078979493
69.0 0.1735264415547872 1.235420066833496 0.010652435912056097 0.029159957885742188
13.0 0.17479754888837062 1.1606900072097779 0.01260966739718906 0.030620004653930662
51.0 0.1756130498493482 1.0859799575805664 0.010978652602239722 0.02803999328613281
49.0 0.17714849124475057 1.0113900003433227 0.01015746285059857 0.02921994209289551
0.0 0.1789876108630838 0.9373200073242187 0.010978652602239722 0.0373599853515625
0.0 0.17986501698016583 0.8636000137329102 0.01147355915322749 0.03680000305175781
0.0 0.18084364613210122 0.7931600265502929 0.009516294412859647 0.037680038452148436
12.0 0.14009560294306855 0.8706999740600586 0.012272221165111013 0.04260002136230469
38.0 0.14226659746888787 0.7755600624084472 0.012429680411271222 0.040880012512207034
50.0 0.1407311560734855 0.682479983329773 0.013250870162912376 0.0310400447845459
29.0 0.32920699446756474 0.6276300201416015 0.009752533164952282 0.03674002075195312
14.0 0.292339707386373 0.6524400386810303 0.009246346652843017 0.04311994552612305
0.0 0.2580146338995986 0.631920030593872 0.012654689621469435 0.036160007476806644
23.0 0.22153544667332994 0.6437899894714355 0.013622041494157102 0.05242006683349609
63.0 0.18178851424776127 0.6508900203704834 0.012125991460845226 0.0582199821472168
17.0 0.14442632812482836 0.5852100372314453 0.01260966739718906 0.05357998657226563
68.0 0.1872441084768426 0.437849986076355 0.012463405510437904 0.02430000877380371
20.0 0.14651294500138548 0.4199600133895874 0.012935884087372684 0.028079999923706054
48.0 0.14596175181986376 0.4905500087738037 0.011788510900782787 0.02689994430541992
60.0 0.14837456393161427 0.34897000980377196 0.011462328538583555 0.026060075759887696
19.0 0.258908902566264 0.5235899868011474 0.010866147997140616 0.040819927215576174
43.0 0.2945107019121923 0.5328900318145752 0.009403823062995422 0.03821988296508789
57.0 0.32984250522437597 0.5470100479125977 0.010731148907518763 0.04198005676269531
62.0 0.33178290044228864 0.4844500141143799 0.009100100857334545 0.03909991836547851
54.0 0.33154106515599047 0.4141199836730957 0.009583792884921062 0.043760047912597654
41.0 0.2964510708477419 0.46627002906799314 0.007772791104053888 0.04345991897583008
22.0 0.2602980954842841 0.45505997276306154 0.008087760015601382 0.033880016326904294
55.0 0.25979190146292824 0.38539002227783203 0.01134982393348445 0.04521998596191406
56.0 0.29610800394459436 0.39925001907348634 0.010708671586988211 0.04549997711181641
