46.0 0.4934480209350586 0.5144360046386719 0.84310400390625 0.5388720092773438
24.0 0.842130012512207 0.2733300123214722 0.043740005493164064 0.026660024642944338
3.0 0.6954300022125244 0.37508000755310056 0.033140033721923826 0.01816001510620117
4.0 0.6296749725341797 0.3798900032043457 0.032649993896484375 0.017780006408691405
30.0 0.6326250123977661 0.2932400016784668 0.024750024795532226 0.018480003356933592
6.0 0.5149450130462646 0.38494999313354494 0.028109996795654298 0.015899986267089845
31.0 0.5728399934768676 0.30175999069213866 0.022320001602172852 0.017519981384277343
34.0 0.3977599906921387 0.3195650067329407 0.018480003356933592 0.015130013465881347
5.0 0.5703949785232544 0.381460015296936 0.029210000991821288 0.01692003059387207
26.0 0.6970700035095215 0.28736000061035155 0.02385997772216797 0.018720001220703126
33.0 0.4433799896240234 0.3148900008201599 0.019240020751953125 0.015780001640319823
2.0 0.7650100212097168 0.37030999183654784 0.029980003356933595 0.018619983673095704
32.0 0.5177899961471557 0.30582001209259035 0.022420019149780274 0.017640024185180663
7.0 0.46578499603271484 0.3888350009918213 0.024429977416992186 0.015670001983642576
8.0 0.41692998504638673 0.3905950026512146 0.024140060424804686 0.0151900053024292
36.0 0.31379999542236325 0.3291150064468384 0.01640003967285156 0.014230012893676758
9.0 0.3726000099182129 0.39333500719070436 0.02079999542236328 0.014670014381408691
27.0 0.22300499153137207 0.3405850167274475 0.017989994049072266 0.01317003345489502
17.0 0.8243399982452393 0.7018100175857543 0.049320011138916015 0.02162003517150879
12.0 0.6492049789428711 0.6783849897384644 0.029590011596679688 0.01876997947692871
35.0 0.3544449787139893 0.32519501066207884 0.017109989166259765 0.014390021324157716
57.0 0.12411001682281494 0.3495149941444397 0.015780031204223634 0.011029988288879395
29.0 0.16073500442504882 0.3463849983215332 0.01653003692626953 0.012769996643066406
28.0 0.19073498916625978 0.34326499938964844 0.01653003692626953 0.012529998779296876
37.0 0.25863497734069824 0.33571499967575075 0.014729976654052734 0.013429999351501465
1.0 0.2939200201034546 0.3979750099182129 0.01815992546081543 0.013950019836425782
62.0 0.096944983959198 0.35394998693466184 0.014109969139099121 0.00989997386932373
66.0 0.8207099857330322 0.4537499933242798 0.048580005645751954 0.01949998664855957
10.0 0.33106499576568604 0.3962499961853027 0.01987004280090332 0.014499992370605468
12.0 0.2874450092315674 0.6275850019454956 0.017109989166259765 0.013170003890991211
63.0 0.7902900161743164 0.6169699964523315 0.055419998168945314 0.021939992904663086
54.0 0.07120499229431153 0.35652999782562256 0.013590038299560547 0.009059995651245116
19.0 0.12707501888275147 0.45693499851226804 0.013849973678588867 0.011869997024536132
0.0 0.17004501342773437 0.45664000225067136 0.017910003662109375 0.013280004501342773
22.0 0.09899499607086182 0.4564299831390381 0.014010011672973633 0.010859966278076172
38.0 0.24270498847961425 0.6216400170326233 0.01659000015258789 0.013280034065246582
63.0 0.18853500556945801 0.5617399740219117 0.022929965972900392 0.013479948043823242
17.0 0.1627600212097168 0.6110949921607971 0.018479942321777344 0.012189984321594238
71.0 0.7323950319290161 0.6900549926757813 0.021209985733032226 0.0221099853515625
43.0 0.12239002847671508 0.4077049970626831 0.013219952583312988 0.00940999412536621
74.0 0.6770899972915649 0.6037800197601318 0.02182000923156738 0.01956003952026367
0.0 0.20958000707626342 0.45786998653411864 0.014840006828308105 0.013739973068237306
16.0 0.8112600135803223 0.5338699798583985 0.06347998809814454 0.021739959716796875
55.0 0.07315498733520508 0.456364999294281 0.013689994812011719 0.010729998588562011
41.0 0.09463500785827637 0.4090050020217896 0.014729976654052734 0.010010004043579102
53.0 0.2783499870300293 0.4569099984169006 0.017300010681152344 0.01581999683380127
0.0 0.2419500036239624 0.45717000675201414 0.01609998893737793 0.01434001350402832
61.0 0.647614972114563 0.5264699859619141 0.020769983291625976 0.018939971923828125
70.0 0.6643100004196167 0.4526500072479248 0.0233800106048584 0.01930001449584961
21.0 0.6021050186157226 0.45402499294281007 0.019789993286132814 0.018049985885620116
58.0 0.731065013885498 0.45278000450134276 0.021870018005371094 0.019560009002685546
0.0 0.28441504096984865 0.5697449979782104 0.019169986724853514 0.015489995956420899
11.0 0.7121600036621094 0.5296200103759766 0.01967999267578125 0.019240020751953125
69.0 0.5018599891662597 0.5890950002670288 0.022280036926269533 0.020190000534057617
13.0 0.4540750150680542 0.5847900161743164 0.0178499813079834 0.017580032348632812
50.0 0.2018099970817566 0.6161400108337403 0.012380003929138184 0.014280021667480469
64.0 0.4552980041503906 0.6669140090942383 0.29340399169921877 0.08982801818847656
15.0 0.5561199970245362 0.5929249906539917 0.019760013580322266 0.0178499813079834
0.0 0.3208900203704834 0.5730799760818481 0.020219921112060547 0.016159952163696287
56.0 0.06987500095367431 0.41020500564575196 0.014250040054321289 0.010410011291503906
0.0 0.8377799968719483 0.36823500537872317 0.04243999862670898 0.01447001075744629
0.0 0.2493500175476074 0.5655849723815918 0.017300010681152344 0.013169944763183594
18.0 0.5870050086975097 0.52563503074646 0.01998999786376953 0.01927006149291992
25.0 0.5330050067901612 0.5228900032043458 0.017989994049072266 0.017780006408691405
39.0 0.47889502239227294 0.5208949928283692 0.02021002769470215 0.01578998565673828
40.0 0.43044500923156737 0.5190099992752075 0.017109989166259765 0.01602005958557129
42.0 0.3546550064086914 0.45597999286651614 0.01668995666503906 0.019959985733032228
24.0 0.3150499963760376 0.45622500705718994 0.013900041580200195 0.014450014114379883
51.0 0.40598999786376955 0.5795200071334838 0.018020034790039063 0.017040014266967773
68.0 0.10278001236915589 0.5517799944877625 0.00643998384475708 0.009559988975524902
72.0 0.6140449676513672 0.599149998664856 0.017910003662109375 0.018299997329711912
20.0 0.09977998948097229 0.6015950117111206 0.00643998384475708 0.009190023422241211
49.0 0.36285999870300295 0.575919997215271 0.01627999496459961 0.01583999443054199
60.0 0.07375502872467041 0.5972449960708618 0.006489992141723633 0.006489992141723633
48.0 0.12784000968933104 0.6049049983024597 0.00832003402709961 0.007809996604919434
59.0 0.5458999948501587 0.45367998790740965 0.020200014114379883 0.019359975814819335
65.0 0.49289497661590576 0.4537950077056885 0.020209997177124024 0.017590015411376954
73.0 0.443924991607666 0.45449999523162843 0.01815003204345703 0.016999990463256835
67.0 0.39766000843048094 0.45508999156951907 0.016680002212524414 0.018179983139038087
0.0 0.25504996967315674 0.40010499668121335 0.017900049209594728 0.01820999336242676
0.0 0.22100999546051026 0.4022149953842163 0.01998001289367676 0.016429990768432618
14.0 0.17281502151489259 0.41488999557495115 0.048370002746582035 0.03977999114990234
23.0 0.18289997482299805 0.5186800060272216 0.06020003509521484 0.03736001205444336
44.0 0.3860999813079834 0.5169300279617309 0.015799999237060547 0.017859994888305666
45.0 0.34450501346588136 0.5162250118255616 0.016989946365356445 0.018449962615966795
47.0 0.3049050102233887 0.5121900062561036 0.018190025329589844 0.01638001251220703
0.0 0.26963999748229983 0.5121550011634827 0.016719997406005858 0.014310002326965332
0.0 0.2330450143814087 0.5101899757385254 0.017909944534301756 0.01638001251220703
