46.0 0.5124584453794073 0.43373058496979233 0.8672113446383017 0.4537823929070191
24.0 0.8634183413780813 0.6485880804803087 0.019518941206417697 0.018885970733326332
26.0 0.7760859800844776 0.6464766918686388 0.016341120439090116 0.01792746751419621
62.0 0.19737607327564116 0.6438860034695562 0.02215742995370581 0.01792743786629
33.0 0.588258017603927 0.6453756378104649 0.0159038009865986 0.014948188949743084
32.0 0.6494751977503473 0.6456347055385767 0.01883381657280658 0.019611417938390545
14.0 0.29844752414581033 0.576994834786252 0.018265307123389952 0.011813491119621948
38.0 0.36975220271519255 0.2913342115174921 0.01851314288881708 0.018367885925609215
12.0 0.4250655869353269 0.29053110038678265 0.030335248385504453 0.019974113128345863
28.0 0.32564869914040967 0.6437694390203051 0.016341149633201844 0.018160611236651327
2.0 0.8281996764525033 0.5614119193714517 0.019985422796132614 0.022253871581715004
12.0 0.7790961842495221 0.28165801510292016 0.021982505787218276 0.016994774032750896
63.0 0.2961443054432772 0.3680440650702758 0.017040849079543577 0.0203885439146368
55.0 0.13941693653518186 0.5097279857477376 0.021457672119140625 0.02199486006109208
0.0 0.4055029629965913 0.43616580530769467 0.016982495610985048 0.0188601016998291
34.0 0.5474708511252445 0.6444818534999314 0.015845478102347595 0.01673576251212797
60.0 0.11018222414022284 0.2966321033517314 0.012871742248535156 0.018134712555247887
64.0 0.6002842538905908 0.2777849973174574 0.2746501511109466 0.04546630444304313
0.0 0.46829442032572133 0.36424870441614654 0.01967930863271997 0.02279794277922477
54.0 0.15985423274359967 0.6440025827427602 0.02431488037109375 0.01769429414383488
5.0 0.6950947619735673 0.5597279880948635 0.020889193254031522 0.020440428985832888
70.0 0.7662609304700579 0.503847151840289 0.021413996337801652 0.02339377922097636
71.0 0.8384329667939389 0.27856215541226875 0.025758012043143846 0.028367936920007893
37.0 0.405881924114839 0.6435233126032538 0.016224503864699827 0.018652827010871214
41.0 0.18819972446986608 0.5761657996498859 0.02010196429994989 0.018652827010871214
4.0 0.739380463219245 0.5595725546229071 0.022696807850206557 0.02075129840040454
74.0 0.7879737229805993 0.3583937580721366 0.012973756206278898 0.024145067046961018
35.0 0.5075145747849267 0.6436010370600409 0.017040818495236056 0.018497407745203205
15.0 0.6985932988258562 0.3583937580721366 0.016807585346455475 0.024145067046961018
17.0 0.25575801443428064 0.29306996053982276 0.02492708089400311 0.02007770538330078
6.0 0.6529446093056014 0.5585103547634857 0.020641415876827853 0.01769429414383488
25.0 0.6682142599678595 0.4299741063093274 0.016341120439090116 0.026062189606187256
36.0 0.4662244882945069 0.6434456029704197 0.017988324512893186 0.018808275924445433
56.0 0.14799561653470855 0.5766450827603513 0.018877566034522765 0.02287566723601188
47.0 0.44776967593601774 0.4344170908853798 0.01991254039130475 0.022357523132482342
10.0 0.4858892061272446 0.558601044620257 0.010728895837989562 0.022694288757798584
50.0 0.312529185075454 0.2905958612965796 0.013425647691109438 0.019844591308751873
63.0 0.8903134251474987 0.35497408333220015 0.01237609296081365 0.020621776580810547
0.0 0.3785422689365576 0.3609585576724512 0.018425643965384705 0.029378236266615478
59.0 0.676166159766061 0.5055569719156453 0.01501458865908075 0.01997408224511023
11.0 0.8054300091356995 0.4297020311800309 0.015962094676737884 0.02142488894684945
73.0 0.589336742812621 0.5057772120045875 0.013746350569210664 0.019533663833697226
43.0 0.22817783592046176 0.5744430117038866 0.02177846396977283 0.022098452316046995
0.0 0.4030831020010456 0.5755699397368752 0.013075828552246094 0.019844561660845663
52.0 0.4605976645522493 0.5070077742937316 0.014664709741798156 0.022253871581715004
53.0 0.4198906727504452 0.5079145017683198 0.014446079209664125 0.020440399337926678
1.0 0.44324345769409534 0.568238332481582 0.017303227683198 0.024145096694867228
72.0 0.7452332243627432 0.3592616807611495 0.016822158768990295 0.022409261199476806
9.0 0.5281705432313524 0.5579274633387827 0.013629733994820375 0.0188601016998291
13.0 0.6031924121233881 0.3615285077860936 0.015189528117722046 0.023056983947753906
0.0 0.33642858597001946 0.5048315895653759 0.015189528117722046 0.02142485929894324
0.0 0.42210641963836404 0.361658030841017 0.015845478102347595 0.02279794277922477
67.0 0.5472521858382156 0.5051036004575423 0.022113740270408876 0.026062189606187256
29.0 0.2858454486023928 0.646204653799225 0.02014577354008533 0.018471509063799765
51.0 0.5581268325839028 0.3645207276616072 0.017857163710079806 0.022253871581715004
19.0 0.22138485129998656 0.5100517816494166 0.020787179296287782 0.021347194137968546
18.0 0.7173542559320656 0.4312564844912198 0.017186581914695985 0.023497462890308754
7.0 0.6097886360769021 0.5580051729716168 0.019489794361348053 0.018704652786254883
69.0 0.650320722479862 0.36424870441614654 0.01422739028930664 0.02279794277922477
0.0 0.3640014617853192 0.5761010331811065 0.012521863331252563 0.018782377243041992
23.0 0.27769679300291544 0.470375670052563 0.0218658447265625 0.01779794692993164
49.0 0.5118877526274923 0.3655440103204757 0.017040818495236056 0.02020728649870719
57.0 0.23731777688852204 0.6465155466850557 0.02099126559999872 0.0178497430574091
40.0 0.5783819262557405 0.4379274604234053 0.015247792613749601 0.020518123794713787
27.0 0.3654300325465967 0.6455440403883939 0.01841109973696161 0.01461139367652063
44.0 0.5353425584798651 0.4348834178608316 0.016778439891581634 0.02142488894684945
20.0 0.1523833914331375 0.2959326277125067 0.013017534862106812 0.019533693481603435
0.0 0.3231632674748279 0.4345984360096986 0.015480995178222656 0.02199482794252702
39.0 0.6239723054035065 0.43505184514534906 0.014446079209664125 0.021088064025720783
0.0 0.37937319174452355 0.5054015526499773 0.013848424305373657 0.02028498007225867
0.0 0.36468661908853156 0.43709844258165115 0.01406705344731189 0.022176147124927895
58.0 0.8117565330193968 0.5037953297708936 0.020801752718822602 0.023497433242402548
45.0 0.49331632091422123 0.43492227267724864 0.016282826748950836 0.02134716449006234
68.0 0.1619314827654869 0.36927462921241405 0.011413991277488954 0.01792740821838379
48.0 0.1961151622127166 0.2947150092050819 0.013017475083687563 0.01678758828751164
66.0 0.8507288802121888 0.5064766925851298 0.018658891016123245 0.028497426621036825
65.0 0.632776981192497 0.5013860507332599 0.01432943344116211 0.023134678756634806
30.0 0.7331632664182791 0.6474611444176788 0.017638503983834045 0.015958577240069296
31.0 0.6908819091563322 0.6474611444176788 0.01765307740636887 0.015958577240069296
42.0 0.5031486968604886 0.5049222676865177 0.011195331551243195 0.021243483291388792
8.0 0.5676749392084061 0.5603108801372311 0.01625365070976947 0.01927462266516809
3.0 0.7843002876804452 0.5600259131100511 0.02032069909676866 0.019844591308751873
0.0 0.8721866107195528 0.567007767721779 0.013644315758529974 0.026606231155790812
61.0 0.7634256337891515 0.4313989747991216 0.015422745974348864 0.023212492157140545
21.0 0.7214650141602007 0.5040543944106819 0.014795899738723266 0.022979229843060587
22.0 0.17992708008768954 0.5112823958223965 0.022069990808692687 0.018886000381232542
