46.0 0.49922149658203124 0.48849398803710936 0.9004429931640625 0.7689879760742188
26.0 0.17471499252319336 0.5421650314331055 0.02142998504638672 0.01633006286621094
30.0 0.21630999374389648 0.5059699902534485 0.02061998748779297 0.015939980506896972
31.0 0.257255012512207 0.47374499559402466 0.016510025024414062 0.013489991188049317
3.0 0.21975499725341796 0.5771550216674805 0.023509994506835937 0.020310043334960937
32.0 0.29258000564575193 0.43985000801086427 0.023160011291503906 0.017700016021728517
6.0 0.33804000186920163 0.47025500679016113 0.022080003738403322 0.018510013580322265
4.0 0.259654993057251 0.5405599889755249 0.021309986114501953 0.019119977951049805
5.0 0.301345009803772 0.5052150082588196 0.018690019607543944 0.01443001651763916
66.0 0.19137999725341798 0.6776800107955933 0.032759994506835935 0.027360021591186525
12.0 0.43455999279022217 0.6815049905776978 0.023119985580444338 0.02100998115539551
33.0 0.34760499286651614 0.3928500061035156 0.021209985733032226 0.01570001220703125
59.0 0.36522501277923586 0.5177600183486939 0.02045002555847168 0.015520036697387695
11.0 0.30416001224517825 0.6524700117111206 0.018320024490356444 0.014940023422241211
37.0 0.49782001209259036 0.2638049879074097 0.017640024185180663 0.013609975814819335
34.0 0.38113000297546384 0.3624100046157837 0.020260005950927733 0.014820009231567384
70.0 0.28636000442504883 0.5888900327682495 0.022720008850097655 0.017780065536499023
58.0 0.24589500617980958 0.6285150003433227 0.02179001235961914 0.017030000686645508
48.0 0.8411849784851074 0.2597049949169159 0.010369956970214844 0.007409989833831787
36.0 0.4483050022125244 0.3045549931526184 0.020610004425048827 0.015109986305236816
28.0 0.559614987373352 0.2110800018310547 0.0172299747467041 0.012160003662109375
38.0 0.7373850069046021 0.36835498952865603 0.0207700138092041 0.014709979057312013
64.0 0.5792040100097656 0.5434909973144532 0.23640802001953126 0.22898199462890625
13.0 0.5222049713134765 0.5111000156402588 0.020409942626953125 0.014200031280517578
21.0 0.32820500087738036 0.5530699920654297 0.02041000175476074 0.016139984130859375
27.0 0.530144962310791 0.23508000183105468 0.01828992462158203 0.012160003662109375
17.0 0.328399995803833 0.790440016746521 0.03479999160766602 0.030880033493041994
2.0 0.17935000228881837 0.6135999965667724 0.02670000457763672 0.017199993133544922
61.0 0.34260500717163084 0.6119700050354004 0.02121001434326172 0.015940010070800783
24.0 0.08948999691009521 0.6159499988555909 0.02497999382019043 0.021899997711181642
39.0 0.4584199943542481 0.5021849822998047 0.020839988708496095 0.014369964599609375
23.0 0.7022900009155273 0.269560004234314 0.024580001831054688 0.01912000846862793
8.0 0.41182499504089354 0.4055149850845337 0.02364999008178711 0.017029970169067384
29.0 0.5862449951171875 0.1848299994468689 0.020489990234375 0.013659998893737793
51.0 0.5568500118255615 0.4771000008583069 0.021700023651123047 0.01420000171661377
71.0 0.38535998916625974 0.7339699926376343 0.02271997833251953 0.017939985275268553
17.0 0.8081749935150147 0.2958800172805786 0.0243499870300293 0.015760034561157227
0.0 0.6884400005340576 0.34645500230789184 0.014880001068115234 0.01091000461578369
35.0 0.41521499729156497 0.33429499769210813 0.018429994583129883 0.014589995384216308
1.0 0.5142200040817261 0.31667500495910644 0.01844000816345215 0.01335000991821289
0.0 0.545614987373352 0.28847500133514403 0.0172299747467041 0.012950002670288086
0.0 0.13850000858306885 0.6540700130462647 0.023000001907348633 0.022140026092529297
0.0 0.6570700216293335 0.3784949841499329 0.016140043258666994 0.012989968299865722
25.0 0.41807000732421873 0.5375550079345703 0.0161400146484375 0.015110015869140625
63.0 0.7401700038909912 0.2964449987411499 0.026340007781982422 0.020889997482299805
42.0 0.508054988861084 0.3874100046157837 0.018109977722167967 0.014820009231567384
0.0 0.5772349643707275 0.25967500686645506 0.018469928741455078 0.015350013732910157
19.0 0.7098550024032593 0.19873000526428222 0.019710004806518553 0.013460010528564452
9.0 0.4448949966430664 0.3757899990081787 0.019789993286132814 0.015579998016357422
7.0 0.3746499900817871 0.4407550091743469 0.01729998016357422 0.013510018348693848
20.0 0.8695599808692932 0.23238499999046325 0.011119961738586426 0.006769999980926513
65.0 0.4013549919128418 0.48152000331878664 0.016709983825683592 0.013040006637573242
53.0 0.5706500053405762 0.3266999940872192 0.017300010681152344 0.013399988174438477
0.0 0.6247200107574463 0.342375 0.017440021514892576 0.01275
63.0 0.3001550102233887 0.7311450080871582 0.038310020446777344 0.03429001617431641
16.0 0.24281000328063965 0.7074450016021728 0.0436200065612793 0.038890003204345706
74.0 0.3688950004577637 0.6629550018310547 0.023790000915527344 0.017910003662109375
50.0 0.7745150299072265 0.33105499744415284 0.017030059814453127 0.012109994888305664
55.0 0.7617800197601319 0.1481849970817566 0.01956003952026367 0.014369994163513184
57.0 0.6215599927902221 0.1556800012588501 0.023119985580444338 0.017360002517700195
56.0 0.7218949966430664 0.1276750030517578 0.019789993286132814 0.015350006103515624
49.0 0.5898500118255615 0.44318499708175657 0.021700023651123047 0.014369994163513184
40.0 0.4937250061035156 0.46772999238967894 0.02145001220703125 0.01545998477935791
0.0 0.6537200107574462 0.3125200033187866 0.017440021514892576 0.013040006637573242
73.0 0.4374550085067749 0.44787500619888304 0.016910017013549803 0.011750012397766114
43.0 0.6689200134277343 0.17547500133514404 0.01784002685546875 0.012950002670288086
45.0 0.5608800067901611 0.40332499170303343 0.019760013580322266 0.012649983406066894
15.0 0.4487700080871582 0.5847599883079528 0.021540016174316407 0.015519976615905762
12.0 0.6994449987411498 0.40803999614715575 0.020889997482299805 0.016079992294311524
10.0 0.48073999881744384 0.3452249937057495 0.023479997634887697 0.016449987411499025
69.0 0.48425500679016115 0.5454249935150146 0.018510013580322265 0.012849987030029297
62.0 0.64917001247406 0.132910005569458 0.02034002494812012 0.015820011138916016
52.0 0.5408949670791626 0.35586000299453735 0.019789934158325195 0.013720005989074706
22.0 0.7367799892425537 0.17323999738693238 0.01955997848510742 0.014479994773864746
0.0 0.6293800086975098 0.4063700060844421 0.014760017395019531 0.010740012168884277
72.0 0.4095800037384033 0.6243550043106079 0.02116000747680664 0.01471000862121582
67.0 0.47438500690460206 0.41604999256134034 0.0207700138092041 0.014099985122680665
47.0 0.5939550018310547 0.37515500116348266 0.017910003662109375 0.014310002326965332
14.0 0.6207799892425537 0.22106999969482422 0.01955997848510742 0.016139999389648437
68.0 0.8215849847793579 0.21375000190734864 0.01116996955871582 0.005500003814697265
0.0 0.668385006904602 0.2380549964904785 0.0207700138092041 0.018109992980957033
54.0 0.6767200107574463 0.11049499893188476 0.017440021514892576 0.012989997863769531
18.0 0.38192000102996826 0.5746749920845031 0.019840002059936523 0.015349984169006348
0.0 0.6041099739074707 0.29867499208450315 0.018219947814941406 0.015349984169006348
60.0 0.894204975605011 0.20550999832153322 0.010409951210021973 0.007019996643066406
41.0 0.696725004196167 0.15021499347686768 0.019450008392333986 0.014429986953735352
0.0 0.6330650148391723 0.2721350040435791 0.016130029678344728 0.014270008087158203
44.0 0.5286350145339965 0.4363699951171875 0.017270029067993162 0.014739990234375
