46.0 0.4839465026855469 0.47947873362788446 0.9598930053710938 0.9225240071614583
24.0 0.11353500175476074 0.9253703585377446 0.017070003509521484 0.02703703597739891
26.0 0.18771499824523927 0.9161110983954536 0.019429996490478517 0.030740737915039062
30.0 0.22555000305175782 0.909018502412019 0.017100006103515624 0.033814818770797166
31.0 0.26355499458312986 0.9019166805126049 0.017109989166259765 0.029500000565140336
32.0 0.30405999755859375 0.8991389009687636 0.0201199951171875 0.03135184888486509
33.0 0.3670700092315674 0.8886481338077121 0.018140018463134764 0.030111118599220558
34.0 0.40790500450134276 0.8871111410635489 0.013810009002685546 0.029481478090639467
35.0 0.4520799951553345 0.8787778077302155 0.020159990310668945 0.03503703364619502
36.0 0.4982500190734863 0.8729166666666667 0.022500038146972656 0.02824074074074074
37.0 0.5677599925994873 0.8648889153091995 0.019519985198974608 0.02948147102638527
27.0 0.6144299869537353 0.854703731890078 0.028859973907470703 0.03133332641036422
28.0 0.6666050243377686 0.8500833343576502 0.02321004867553711 0.029462978574964736
29.0 0.7167800102233887 0.8445277690887452 0.025560020446777344 0.033166662851969404
57.0 0.7822849855422974 0.8340370496114095 0.030569971084594725 0.03192591490568938
62.0 0.8371250114440918 0.828787033646195 0.034250022888183594 0.03131482159649884
54.0 0.8932999973297119 0.8192222383287218 0.036599994659423825 0.039333329377350984
0.0 0.09470000267028808 0.8186018458119145 0.02140000534057617 0.018351853335345232
2.0 0.12937500190734863 0.8075000127156575 0.018750003814697266 0.02574074356644242
3.0 0.16587500190734863 0.8013240584620723 0.021750003814697265 0.023277773680510344
4.0 0.2042349967956543 0.7941666391160753 0.020469993591308595 0.026481494197139032
5.0 0.2438199996948242 0.7888055607124611 0.019639999389648437 0.026092589343035662
6.0 0.28207500457763673 0.7813981533050537 0.022150009155273438 0.026092589343035662
7.0 0.32228999900817873 0.7731111455846715 0.022579998016357423 0.024148135715060765
8.0 0.3655000009536743 0.7683703652134648 0.023000001907348633 0.029925929175482854
9.0 0.4077799921035767 0.759185156998811 0.02155998420715332 0.026074080997043187
10.0 0.4518899917602539 0.7493518829345703 0.021779983520507813 0.027222216570818865
1.0 0.4980399894714356 0.744370350131282 0.024079978942871092 0.026074096891615127
0.0 0.5448149852752685 0.7332684993743896 0.02762997055053711 0.026055544394033927
0.0 0.5924849891662598 0.7270185188010887 0.03096997833251953 0.023740768432617188
14.0 0.6685150203704834 0.709425922676369 0.037030040740966795 0.03300002062762225
66.0 0.09009500026702881 0.7107777489556206 0.024190000534057617 0.030296297426576968
58.0 0.13551998996734618 0.7013333285296405 0.015039979934692383 0.03066664801703559
70.0 0.17277000427246095 0.6932314819759793 0.017540008544921874 0.028351843798602068
21.0 0.20957000064849854 0.6850555737813314 0.01714000129699707 0.02988886656584563
59.0 0.24857499980926515 0.6778425949591177 0.017149999618530275 0.0294999776063142
65.0 0.2904750061035156 0.6695463198202628 0.01695001220703125 0.02757406234741211
73.0 0.33196000671386716 0.6587499777475992 0.015920013427734376 0.030648171460186995
67.0 0.37342000770568845 0.650259244883502 0.01884001541137695 0.02911108688071922
42.0 0.41675998830795286 0.6412407521848326 0.015519976615905762 0.036037028277361834
52.0 0.4610549907684326 0.6331389038651077 0.020109981536865235 0.03372222052680122
53.0 0.5078149909973144 0.6209444416893853 0.017629981994628906 0.03218519775955765
0.0 0.5535449981689453 0.611685182430126 0.019089996337890627 0.03218519775955765
0.0 0.6018649864196778 0.605175926067211 0.01972997283935547 0.03409260643853081
0.0 0.6669549884796142 0.5897036958623816 0.03390997695922852 0.03911107734397606
16.0 0.07758999919891357 0.6087592460491039 0.02917999839782715 0.030629634857177734
11.0 0.12647499799728393 0.5983055759359289 0.012949995994567871 0.025611102139508284
61.0 0.16372999954223633 0.5903147874055086 0.015459999084472657 0.026777804339373552
18.0 0.20290000486373902 0.5801759278332745 0.013800009727478028 0.024833350711398656
25.0 0.2412200002670288 0.5688703740084613 0.014440000534057617 0.025222211413913304
39.0 0.2834300022125244 0.5580740743213229 0.014860004425048827 0.028296292269671404
40.0 0.3235399875640869 0.5477314631144206 0.015079975128173828 0.026759267736364296
44.0 0.3656499881744385 0.5428796300181636 0.015299976348876953 0.029055565374868888
45.0 0.41021499729156496 0.5269814897466589 0.018429994583129883 0.027518480795401114
47.0 0.454764995098114 0.5165740595923529 0.015529990196228027 0.029814808456986037
0.0 0.5014799861907959 0.506231489887944 0.020959972381591797 0.028277753900598595
0.0 0.5493599767684937 0.49647221918459294 0.024719953536987305 0.025574058956570094
23.0 0.6306150074005127 0.47012960292674877 0.03723001480102539 0.03751850128173828
63.0 0.06907000064849854 0.5072407563527425 0.02814000129699707 0.0336666707639341
74.0 0.12730999946594238 0.4944259246190389 0.014619998931884766 0.025962919659084743
72.0 0.1635199975967407 0.4826666831970215 0.015039995193481445 0.03096294403076172
15.0 0.2044850001335144 0.4729815129880552 0.01297000026702881 0.024407386779785156
69.0 0.24442500257492064 0.46168517183374475 0.014850005149841309 0.024777769159387657
13.0 0.28436999702453614 0.45184261622252286 0.016739994049072265 0.02594447135925293
51.0 0.3250599937438965 0.4351111023514359 0.016119987487792968 0.0297777670401114
64.0 0.268364501953125 0.32500648498535156 0.26072900390625 0.14628326981155962
49.0 0.3694400005340576 0.4251574304368761 0.014880001068115234 0.02746295928955078
0.0 0.41465499019622803 0.4151296430163913 0.025309980392456053 0.028999983822857893
0.0 0.4583049898147583 0.3995463282973678 0.0226099796295166 0.030537008356165
0.0 0.5042499914169312 0.38638886875576445 0.024499982833862306 0.030925930870903864
63.0 0.597524995803833 0.36275000042385525 0.04304999160766602 0.037462947986744065
17.0 0.027880000114440917 0.417722217241923 0.023760000228881837 0.027518510818481445
71.0 0.07517499923706054 0.40352778434753417 0.018349998474121092 0.03368520736694336
12.0 0.12147499656677246 0.3868240338784677 0.022949993133544924 0.026351868664776838
12.0 0.4325299882888794 0.28662036613181785 0.02905997657775879 0.03787040710449219
38.0 0.4902250061035156 0.2681111141487404 0.02845001220703125 0.037851810455322266
50.0 0.5530050144195556 0.25036110877990725 0.022010028839111326 0.03631478415595161
17.0 0.612904993057251 0.23119443257649738 0.031809986114501955 0.04131483855070891
43.0 0.7617949886322022 0.6968148125542535 0.027589977264404295 0.03229630081741898
41.0 0.8159650192260742 0.687824081491541 0.035930038452148434 0.02805554778487594
56.0 0.8722250022888184 0.6776111214249222 0.03845000457763672 0.029962956463849104
55.0 0.8573900299072266 0.5518240734382912 0.03678005981445313 0.03338888309620045
22.0 0.7994650211334229 0.5608889049953885 0.030930042266845703 0.03377777382179543
19.0 0.7457300062179566 0.5742407374911838 0.029460012435913088 0.03300002062762225
68.0 0.7615050077438354 0.3147222218690095 0.0230100154876709 0.029814780199969255
48.0 0.6880600032806397 0.21135186619228788 0.0261200065612793 0.03285181610672562
20.0 0.7402749977111817 0.18944445539403845 0.02654999542236328 0.035925925219500505
60.0 0.7975900077819824 0.172592615198206 0.027180015563964845 0.03629630759910301
