46.0 0.4855639953613281 0.506552001953125 0.5388720092773438 0.84310400390625
24.0 0.7266699781417847 0.15787000274658203 0.026660024642944338 0.043740005493164064
3.0 0.6249199733734131 0.3045700168609619 0.01816001510620117 0.033140033721923826
4.0 0.620110034942627 0.37032499694824217 0.017780006408691405 0.032649993896484375
30.0 0.7067599601745606 0.3673750123977661 0.018480003356933592 0.024750024795532226
6.0 0.6150500297546386 0.4850549983978272 0.015899986267089845 0.028109996795654298
31.0 0.6982399711608887 0.4271600008010864 0.017519981384277343 0.022320001602172852
34.0 0.6804350018501282 0.6022400016784668 0.015130013465881347 0.018480003356933592
5.0 0.6185399713516235 0.42960500049591066 0.01692003059387207 0.029210000991821288
26.0 0.7126400299072265 0.30292998886108397 0.018720001220703126 0.02385997772216797
33.0 0.6851099715232849 0.5566200103759765 0.015780001640319823 0.019240020751953125
2.0 0.6296899967193603 0.2349900016784668 0.018619983673095704 0.029980003356933595
32.0 0.6941799974441528 0.48221000957489013 0.017640024185180663 0.022420019149780274
7.0 0.6111649570465087 0.534214988708496 0.015670001983642576 0.024429977416992186
8.0 0.6094050002098084 0.5830700302124023 0.0151900053024292 0.024140060424804686
36.0 0.6708850259780884 0.6862000198364258 0.014230012893676758 0.01640003967285156
9.0 0.6066649632453919 0.6273999977111816 0.014670014381408691 0.02079999542236328
27.0 0.659414972782135 0.7769949970245361 0.01317003345489502 0.017989994049072266
17.0 0.2981899919509888 0.17566000556945802 0.02162003517150879 0.049320011138916015
12.0 0.32161497020721436 0.35079500579833983 0.01876997947692871 0.029590011596679688
35.0 0.6748049960136414 0.6455549945831299 0.014390021324157716 0.017109989166259765
57.0 0.6504849648475647 0.8758900156021118 0.011029988288879395 0.015780031204223634
29.0 0.6536149787902832 0.8392650184631347 0.012769996643066406 0.01653003692626953
28.0 0.6567349700927735 0.8092650184631348 0.012529998779296876 0.01653003692626953
37.0 0.6642850069999695 0.7413649883270264 0.013429999351501465 0.014729976654052734
1.0 0.6020249977111817 0.7060799627304077 0.013950019836425782 0.01815992546081543
62.0 0.6460500235557556 0.9030549845695496 0.00989997386932373 0.014109969139099121
66.0 0.5462499933242798 0.17929000282287597 0.01949998664855957 0.048580005645751954
10.0 0.6037499961853028 0.6689350214004517 0.014499992370605468 0.01987004280090332
12.0 0.37241501903533936 0.7125549945831299 0.013170003890991211 0.017109989166259765
63.0 0.3830299940109253 0.20970999908447266 0.021939992904663086 0.055419998168945314
54.0 0.6434700002670288 0.9287950191497802 0.009059995651245116 0.013590038299560547
19.0 0.5430650033950806 0.8729249868392944 0.011869997024536132 0.013849973678588867
0.0 0.5433600339889526 0.8299550018310546 0.013280004501342773 0.017910003662109375
22.0 0.5435699977874756 0.9010050058364868 0.010859966278076172 0.014010011672973633
38.0 0.3783599877357483 0.7572950000762939 0.013280034065246582 0.01659000015258789
63.0 0.4382600240707398 0.8114649829864502 0.013479948043823242 0.022929965972900392
17.0 0.38890498971939086 0.8372399711608887 0.012189984321594238 0.018479942321777344
71.0 0.3099449768066406 0.2676049928665161 0.0221099853515625 0.021209985733032226
43.0 0.5922950239181518 0.8776099762916565 0.00940999412536621 0.013219952583312988
74.0 0.39621999168395994 0.3229100046157837 0.01956003952026367 0.02182000923156738
0.0 0.5421299962997437 0.7904200034141541 0.013739973068237306 0.014840006828308105
16.0 0.46613002014160154 0.18873999404907227 0.021739959716796875 0.06347998809814454
55.0 0.543635018825531 0.9268449974060059 0.010729998588562011 0.013689994812011719
41.0 0.5909949922561646 0.9053649883270264 0.010010004043579102 0.014729976654052734
53.0 0.5430899910926819 0.7216500053405762 0.01581999683380127 0.017300010681152344
0.0 0.5428299798965454 0.7580499944686889 0.01434001350402832 0.01609998893737793
61.0 0.4735299835205078 0.352384991645813 0.018939971923828125 0.020769983291625976
70.0 0.5473500194549561 0.3356900053024292 0.01930001449584961 0.0233800106048584
21.0 0.5459750051498413 0.3978949966430664 0.018049985885620116 0.019789993286132814
58.0 0.547220006942749 0.2689350090026855 0.019560009002685546 0.021870018005371094
0.0 0.4302550382614136 0.7155849933624268 0.015489995956420899 0.019169986724853514
11.0 0.4703800201416016 0.28783999633789065 0.019240020751953125 0.01967999267578125
69.0 0.41090499782562256 0.49814001846313477 0.020190000534057617 0.022280036926269533
13.0 0.41520999908447265 0.5459249906539917 0.017580032348632812 0.0178499813079834
50.0 0.3838599510192871 0.7981900019645691 0.014280021667480469 0.012380003929138184
64.0 0.3330860061645508 0.5447019958496093 0.08982801818847656 0.29340399169921877
15.0 0.4070750150680542 0.44388000679016115 0.0178499813079834 0.019760013580322266
0.0 0.42692003345489504 0.6791099605560302 0.016159952163696287 0.020219921112060547
56.0 0.5897949714660644 0.9301250200271607 0.010410011291503906 0.014250040054321289
0.0 0.6317649736404419 0.16221999931335448 0.01447001075744629 0.04243999862670898
0.0 0.43441501998901366 0.7506500053405761 0.013169944763183594 0.017300010681152344
18.0 0.47436498069763183 0.41299499893188474 0.01927006149291992 0.01998999786376953
25.0 0.4771100044250488 0.4669949970245361 0.017780006408691405 0.017989994049072266
39.0 0.4791049842834473 0.521104983329773 0.01578998565673828 0.02021002769470215
40.0 0.4809899797439575 0.5695549945831299 0.01602005958557129 0.017109989166259765
42.0 0.5440199708938599 0.6453449783325196 0.019959985733032228 0.01668995666503906
24.0 0.5437749948501587 0.6849500207901001 0.014450014114379883 0.013900041580200195
51.0 0.420479998588562 0.5940100173950196 0.017040014266967773 0.018020034790039063
68.0 0.4482200274467468 0.8972199919223786 0.009559988975524902 0.00643998384475708
72.0 0.40085004138946534 0.3859550018310547 0.018299997329711912 0.017910003662109375
20.0 0.3984049787521362 0.9002199919223786 0.009190023422241211 0.00643998384475708
49.0 0.42407997035980227 0.6371399974822998 0.01583999443054199 0.01627999496459961
60.0 0.40275503635406495 0.9262449960708619 0.006489992141723633 0.006489992141723633
48.0 0.39509500074386594 0.8721600170135498 0.007809996604919434 0.00832003402709961
59.0 0.5463200025558471 0.45410000705718995 0.019359975814819335 0.020200014114379883
65.0 0.5462049808502197 0.5071049985885621 0.017590015411376954 0.020209997177124024
73.0 0.5454999952316284 0.5560750160217285 0.016999990463256835 0.01815003204345703
67.0 0.5449099988937378 0.6023400011062622 0.018179983139038087 0.016680002212524414
0.0 0.5998949747085571 0.7449500246047973 0.01820999336242676 0.017900049209594728
0.0 0.597785002708435 0.7789900064468384 0.016429990768432618 0.01998001289367676
14.0 0.5851099662780762 0.827185001373291 0.03977999114990234 0.048370002746582035
23.0 0.4813199901580811 0.8171000175476074 0.03736001205444336 0.06020003509521484
44.0 0.4830699815750122 0.6138999996185303 0.017859994888305666 0.015799999237060547
45.0 0.48377499961853027 0.6554949731826782 0.018449962615966795 0.016989946365356445
47.0 0.487810001373291 0.6950950126647949 0.01638001251220703 0.018190025329589844
0.0 0.4878450036048889 0.7303599987030029 0.014310002326965332 0.016719997406005858
0.0 0.48981003189086914 0.7669549722671509 0.01638001251220703 0.017909944534301756
