46.0 0.5115060043334961 0.5007785148620606 0.7689879760742188 0.9004429931640625
26.0 0.4578349838256836 0.8252849998474121 0.01633006286621094 0.02142998504638672
30.0 0.49403001832962035 0.783689998626709 0.015939980506896972 0.02061998748779297
31.0 0.5262550053596496 0.7427450027465821 0.013489991188049317 0.016510025024414062
3.0 0.4228449935913086 0.7802449874877929 0.020310043334960937 0.023509994506835937
32.0 0.560149995803833 0.7074200325012207 0.017700016021728517 0.023160011291503906
6.0 0.5297449970245361 0.6619599847793579 0.018510013580322265 0.022080003738403322
4.0 0.4594399938583374 0.7403449954986572 0.019119977951049805 0.021309986114501953
5.0 0.4947849850654602 0.6986550073623657 0.01443001651763916 0.018690019607543944
66.0 0.32232002544403077 0.808619987487793 0.027360021591186525 0.032759994506835935
12.0 0.31849501132965086 0.5654399976730347 0.02100998115539551 0.023119985580444338
33.0 0.6071499938964844 0.6523949708938599 0.01570001220703125 0.021209985733032226
59.0 0.48223999881744384 0.6347750005722046 0.015520036697387695 0.02045002555847168
11.0 0.34753000926971434 0.6958400049209594 0.014940023422241211 0.018320024490356444
37.0 0.7361950025558471 0.5021799974441529 0.013609975814819335 0.017640024185180663
34.0 0.637589997291565 0.6188699932098388 0.014820009231567384 0.020260005950927733
70.0 0.41110997295379637 0.7136399726867676 0.017780065536499023 0.022720008850097655
58.0 0.37148500156402586 0.7541049671173096 0.017030000686645508 0.02179001235961914
48.0 0.7402950217723846 0.15881499862670898 0.007409989833831787 0.010369956970214844
36.0 0.6954450078010559 0.5516950168609619 0.015109986305236816 0.020610004425048827
28.0 0.7889200286865234 0.440385006904602 0.012160003662109375 0.0172299747467041
38.0 0.631645028591156 0.2626150026321411 0.014709979057312013 0.0207700138092041
64.0 0.4565090026855469 0.4207959899902344 0.22898199462890625 0.23640802001953126
13.0 0.4888999729156494 0.47779499816894533 0.014200031280517578 0.020409942626953125
21.0 0.4469299774169922 0.6717950277328492 0.016139984130859375 0.02041000175476074
27.0 0.7649199676513672 0.4698550148010254 0.012160003662109375 0.01828992462158203
17.0 0.20956001186370848 0.6716000080108643 0.030880033493041994 0.03479999160766602
2.0 0.3863999843597412 0.8206499900817871 0.017199993133544922 0.02670000457763672
61.0 0.38803003311157225 0.6573949851989747 0.015940010070800783 0.02121001434326172
24.0 0.38404997444152833 0.9105100164413452 0.021899997711181642 0.02497999382019043
39.0 0.4978150177001953 0.5415799674987793 0.014369964599609375 0.020839988708496095
23.0 0.7304400091171265 0.2977100143432617 0.01912000846862793 0.024580001831054688
8.0 0.594485016822815 0.5881749706268311 0.017029970169067384 0.02364999008178711
29.0 0.8151700263023376 0.4137550354003906 0.013659998893737793 0.020489990234375
51.0 0.5228999886512756 0.44314996910095217 0.01420000171661377 0.021700023651123047
71.0 0.26602999019622803 0.6146400184631348 0.017939985275268553 0.02271997833251953
17.0 0.7041200075149536 0.1918250026702881 0.015760034561157227 0.0243499870300293
0.0 0.6535450291633605 0.3115599956512451 0.01091000461578369 0.014880001068115234
35.0 0.6657050318717956 0.5847850046157836 0.014589995384216308 0.018429994583129883
1.0 0.6833249683380127 0.4857800016403198 0.01335000991821289 0.01844000816345215
0.0 0.7115249891281128 0.45438500690460204 0.012950002670288086 0.0172299747467041
0.0 0.34592996788024905 0.8615000009536743 0.022140026092529297 0.023000001907348633
0.0 0.6215049939155579 0.34292997646331785 0.012989968299865722 0.016140043258666994
25.0 0.4624450225830078 0.5819299926757813 0.015110015869140625 0.0161400146484375
63.0 0.7035549840927124 0.25982999229431153 0.020889997482299805 0.026340007781982422
42.0 0.6125899972915649 0.4919450035095215 0.014820009231567384 0.018109977722167967
0.0 0.7403249702453614 0.42276502418518064 0.015350013732910157 0.018469928741455078
19.0 0.801269983291626 0.2901450109481811 0.013460010528564452 0.019710004806518553
9.0 0.624209981918335 0.5551050186157227 0.015579998016357422 0.019789993286132814
7.0 0.559244999408722 0.6253500022888183 0.013510018348693848 0.01729998016357422
20.0 0.7676149804592133 0.13043999338150025 0.006769999980926513 0.011119961738586426
65.0 0.5184799947738647 0.5986450309753418 0.013040006637573242 0.016709983825683592
53.0 0.673300030708313 0.42935001754760743 0.013399988174438477 0.017300010681152344
0.0 0.657625 0.37528000831604 0.01275 0.017440021514892576
63.0 0.26885499954223635 0.6998450126647949 0.03429001617431641 0.038310020446777344
16.0 0.29255498695373533 0.7571900081634522 0.038890003204345706 0.0436200065612793
74.0 0.3370450286865234 0.6311050224304199 0.017910003662109375 0.023790000915527344
50.0 0.6689450120925904 0.22548500061035157 0.012109994888305664 0.017030059814453127
55.0 0.851815001964569 0.23822000694274903 0.014369994163513184 0.01956003952026367
57.0 0.8443200159072876 0.37843999767303466 0.017360002517700195 0.023119985580444338
56.0 0.8723250274658203 0.27810498809814455 0.015350006103515624 0.019789993286132814
49.0 0.5568150019645691 0.41014999961853027 0.014369994163513184 0.021700023651123047
40.0 0.5322699704170227 0.5062749938964843 0.01545998477935791 0.02145001220703125
0.0 0.6874800252914429 0.34628000831604006 0.013040006637573242 0.017440021514892576
73.0 0.552125006198883 0.5625449743270874 0.011750012397766114 0.016910017013549803
43.0 0.8245249891281128 0.3310799560546875 0.012950002670288086 0.01784002685546875
45.0 0.596674967288971 0.43911999702453614 0.012649983406066894 0.019760013580322266
15.0 0.415239999294281 0.5512299690246582 0.015519976615905762 0.021540016174316407
12.0 0.591959979057312 0.3005549840927124 0.016079992294311524 0.020889997482299805
10.0 0.6547749814987183 0.5192599878311157 0.016449987411499025 0.023479997634887697
69.0 0.4545750179290772 0.5157449970245361 0.012849987030029297 0.018510013580322265
62.0 0.8670899982452392 0.3508299856185913 0.015820011138916016 0.02034002494812012
52.0 0.6441399712562561 0.459105019569397 0.013720005989074706 0.019789934158325195
22.0 0.8267600169181823 0.263220006942749 0.014479994773864746 0.01955997848510742
0.0 0.5936300158500671 0.37061999893188474 0.010740012168884277 0.014760017395019531
72.0 0.37564501285552976 0.590420030593872 0.01471000862121582 0.02116000747680664
67.0 0.5839500169754028 0.5256149873733521 0.014099985122680665 0.0207700138092041
47.0 0.6248450036048889 0.4060450286865234 0.014310002326965332 0.017910003662109375
14.0 0.7789299850463867 0.3792200222015381 0.016139999389648437 0.01955997848510742
68.0 0.7862500019073486 0.17841503238677978 0.005500003814697265 0.01116996955871582
0.0 0.761945011138916 0.33161498737335204 0.018109992980957033 0.0207700138092041
54.0 0.8895050086975098 0.32328000831604004 0.012989997863769531 0.017440021514892576
18.0 0.4253250470161438 0.6180799741744996 0.015349984169006348 0.019840002059936523
0.0 0.7013250164985657 0.3958900032043457 0.015349984169006348 0.018219947814941406
60.0 0.7944899787902832 0.10579502534866334 0.007019996643066406 0.010409951210021973
41.0 0.8497850008010864 0.30327502250671384 0.014429986953735352 0.019450008392333986
0.0 0.7278649845123291 0.3669349794387817 0.014270008087158203 0.016130029678344728
44.0 0.5636300048828125 0.4713649950027466 0.014739990234375 0.017270029067993162
